15

4
Person0
Person1
Person2
Person3
2 4 3 1
2 3 4 1
3 1 4 2
3 4 2 1
4 3 2 1
2 3 1 4
3 2 4 1
1 2 3 4
1 2 3 4
3 2 4 1
4 3 1 2
2 3 1 4
1 2 4 3
2 3 4 1
1 4 2 3
1 4 2 3
2 3 4 1
1 2 3 4
1 4 2 3
2 3 4 1
4 1 2 3
3 1 2 4
3 4 1 2
1 3 2 4
3 2 1 4
4 1 3 2
2 3 1 4
4 3 1 2
4 2 3 1
4 2 1 3
4 3 1 2
1 4 3 2
1 3 4 2
2 1 4 3
1 3 2 4
1 3 2 4
1 4 3 2

14
Person0
Person1
Person2
Person3
Person4
Person5
Person6
Person7
Person8
Person9
Person10
Person11
Person12
Person13
1 10 3 13 12 11 4 7 6 5 9 2 8 14
10 14 4 8 9 13 2 11 7 12 3 6 1 5
8 10 9 4 3 6 14 5 7 13 12 11 1 2
14 13 8 11 4 10 7 2 5 9 3 1 12 6
6 9 12 14 10 3 7 1 11 8 5 4 2 13
9 2 4 6 14 5 8 12 10 1 7 3 11 13
13 11 5 6 9 7 10 2 4 3 12 8 1 14
14 12 7 8 5 2 6 13 11 9 4 3 10 1
6 5 13 14 10 2 4 8 11 7 1 9 12 3
2 11 7 4 3 13 5 6 1 8 10 12 9 14
9 14 3 1 5 10 2 12 11 6 8 13 7 4
10 3 5 12 14 9 4 8 2 1 7 13 11 6
12 6 2 13 1 10 11 5 8 9 14 7 4 3
5 11 13 10 4 14 8 1 9 6 2 3 12 7
2 14 5 10 12 13 3 8 6 1 4 9 7 11
11 4 6 13 14 3 10 5 12 8 1 2 9 7
14 3 2 6 1 4 5 11 9 8 13 7 10 12
5 4 12 7 3 14 1 10 8 6 9 2 13 11
6 12 9 14 2 4 11 5 7 8 1 10 3 13
1 11 12 6 10 7 9 5 4 2 13 3 14 8
2 13 9 6 10 7 4 12 11 3 1 14 5 8
6 1 2 12 14 9 11 8 3 10 13 7 4 5
5 11 8 14 9 2 3 12 7 13 4 1 10 6
10 6 4 13 14 9 12 7 1 11 5 8 2 3
12 5 9 7 1 6 14 13 3 2 11 4 8 10
13 9 12 14 7 3 6 2 4 1 11 10 8 5
5 1 9 11 10 6 3 7 8 4 13 14 12 2

8
Person0
Person1
Person2
Person3
Person4
Person5
Person6
Person7
3 6 1 8 5 7 4 2
4 1 7 6 5 3 8 2
4 2 1 6 8 7 3 5
4 8 2 5 3 7 1 6
2 4 3 5 6 8 7 1
4 8 7 2 1 6 5 3
6 8 7 1 2 3 4 5
4 1 8 7 5 2 6 3
5 8 4 1 7 6 3 2
2 5 6 8 1 3 7 4
3 7 5 4 2 1 6 8
2 3 1 4 7 6 8 5

1
Person0
1
1
1
1
1
1
1
1
1
1
1
1
1
1
1
1
1
1
1
1
1
1
1
1
1
1
1
1
1
1
1
1
1
1
1
1
1
1
1
1
1

10
Person0
Person1
Person2
Person3
Person4
Person5
Person6
Person7
Person8
Person9
3 7 10 5 9 8 1 6 4 2
2 10 1 3 6 8 7 9 5 4

17
Person0
Person1
Person2
Person3
Person4
Person5
Person6
Person7
Person8
Person9
Person10
Person11
Person12
Person13
Person14
Person15
Person16
15 10 2 3 9 1 6 8 5 4 14 12 11 7 17 13 16
8 15 1 7 16 12 2 14 6 3 10 17 11 5 4 13 9
15 11 5 8 16 2 10 13 9 7 6 14 3 17 1 4 12
4 8 10 14 9 7 2 11 5 13 15 17 3 16 1 6 12
10 9 8 5 7 16 17 2 15 1 4 14 12 13 3 6 11
12 9 6 13 17 2 7 16 1 11 14 8 5 10 15 4 3
10 3 9 13 5 8 6 16 15 4 11 2 17 12 14 1 7
11 1 16 12 4 15 8 5 17 9 10 6 7 2 3 14 13
15 11 9 5 16 8 17 13 4 6 2 12 14 1 3 7 10
12 16 17 9 5 14 1 10 2 8 6 11 13 4 7 15 3
4 1 8 16 10 7 14 2 5 3 15 11 6 13 17 12 9
16 8 14 17 7 1 15 5 2 3 12 13 9 10 11 6 4
3 11 2 1 15 17 8 12 5 9 7 14 13 16 10 6 4
15 4 12 7 3 5 1 14 8 10 9 2 11 16 17 13 6
16 1 5 11 2 10 8 7 9 3 15 13 14 17 4 6 12
15 16 2 3 1 8 11 9 6 13 7 5 4 10 12 17 14
2 17 15 10 16 11 6 5 14 3 4 9 1 8 7 12 13
15 17 5 6 11 2 1 9 8 12 3 16 7 13 14 10 4
11 9 10 8 4 5 13 12 7 3 15 2 6 1 17 16 14
7 15 2 4 16 8 1 12 11 9 10 17 5 13 6 3 14
16 15 1 11 7 17 3 10 5 2 6 8 9 12 13 4 14
3 15 8 6 4 7 1 11 2 13 12 10 17 9 5 16 14
14 8 9 10 12 6 2 7 5 16 15 4 1 17 13 11 3
16 9 1 4 15 10 2 12 8 3 17 13 11 5 6 7 14
3 1 17 10 9 7 13 4 8 12 16 14 5 6 15 11 2
6 5 16 7 11 2 9 13 10 15 4 14 17 8 3 12 1
5 16 3 14 15 6 4 1 2 9 8 7 17 12 10 13 11
9 2 8 11 3 13 17 7 12 14 6 1 10 16 5 15 4

17
Person0
Person1
Person2
Person3
Person4
Person5
Person6
Person7
Person8
Person9
Person10
Person11
Person12
Person13
Person14
Person15
Person16
12 4 8 17 5 13 1 6 7 11 9 16 3 2 10 15 14
2 14 5 15 6 13 4 17 1 9 11 16 3 12 8 7 10
14 13 9 8 16 2 15 1 17 11 4 10 3 5 6 7 12
10 11 4 12 2 17 8 5 16 9 15 14 3 1 7 6 13
6 5 15 17 10 16 2 13 9 12 8 14 3 1 7 4 11
8 5 15 17 9 2 14 10 1 7 4 3 13 6 12 11 16
11 14 17 16 9 3 4 12 8 1 6 7 15 5 13 10 2
12 7 10 5 2 9 16 3 13 17 8 14 6 11 15 1 4
17 6 1 15 7 16 8 2 5 11 3 4 12 9 10 13 14
3 10 13 12 6 14 8 2 1 11 15 9 5 17 4 16 7
12 5 7 15 4 14 1 10 6 2 17 11 13 3 16 8 9
13 14 16 15 9 2 12 4 5 17 10 8 7 6 1 3 11
8 3 10 9 12 1 7 17 16 4 6 15 11 14 13 2 5
11 2 10 5 15 13 14 4 17 3 1 9 8 6 7 16 12
14 2 16 8 5 15 1 7 9 17 6 13 12 3 4 11 10
2 12 5 7 4 8 1 10 13 6 16 14 11 15 9 17 3
2 10 4 14 6 8 1 13 9 11 5 17 7 12 16 15 3
1 15 3 2 13 17 4 11 16 14 12 9 8 7 10 6 5
3 9 6 15 11 2 14 5 17 12 7 8 10 4 13 16 1
4 1 14 2 11 7 12 9 16 15 10 8 5 17 13 3 6
14 1 11 6 15 7 16 8 12 9 13 4 3 2 17 5 10
3 11 2 9 7 13 17 14 4 8 15 1 16 10 12 6 5
4 16 12 15 17 14 6 7 1 11 5 10 2 9 3 13 8
15 8 9 3 10 13 16 14 17 7 2 4 12 5 11 1 6
8 2 17 3 6 14 5 13 7 4 10 16 12 1 9 11 15
13 11 15 7 1 16 17 14 3 8 12 2 6 4 5 10 9
10 9 1 5 2 16 15 4 11 7 3 17 13 12 14 8 6
14 17 1 2 7 5 11 15 9 8 13 16 4 3 10 6 12
8 6 15 13 14 17 12 7 11 1 5 10 9 3 4 2 16
8 4 5 13 7 1 12 15 11 2 14 9 3 6 17 16 10
10 13 8 16 5 7 4 12 6 17 2 14 3 9 1 15 11
13 12 2 3 11 6 1 17 5 8 14 7 15 16 4 10 9
5 6 3 4 11 12 8 13 1 15 16 2 10 7 17 14 9
17 9 14 13 11 15 6 12 16 1 4 5 7 8 10 2 3
6 16 7 13 9 17 3 14 12 10 5 15 1 8 2 4 11
5 9 1 17 2 13 4 16 6 15 10 7 14 3 8 12 11
5 7 8 13 6 1 16 11 4 3 10 9 17 2 14 12 15
8 12 1 15 14 4 10 3 9 2 5 16 6 13 17 11 7
8 12 4 11 3 16 6 1 14 2 13 9 10 17 7 5 15
16 10 9 17 2 1 11 8 6 13 12 7 15 4 3 5 14
13 1 17 7 9 16 2 3 14 15 4 12 8 10 6 5 11
16 13 5 11 1 7 4 17 6 3 10 14 15 12 2 9 8
4 15 11 2 3 17 8 1 5 12 6 7 14 13 16 9 10

7
Person0
Person1
Person2
Person3
Person4
Person5
Person6
4 2 5 1 6 3 7
5 7 4 1 2 3 6
7 1 4 3 6 2 5
3 2 1 6 7 5 4
3 5 2 7 6 4 1
3 1 2 7 5 6 4
5 1 7 2 6 3 4
3 5 2 4 1 7 6
1 7 3 6 2 5 4
1 7 5 4 3 2 6
5 4 3 6 1 2 7
1 2 4 3 5 7 6
2 7 5 1 3 6 4
5 4 6 2 7 3 1
6 5 3 7 4 1 2
2 3 5 6 7 1 4
1 4 7 5 6 2 3
3 7 1 6 2 4 5
6 4 3 2 5 7 1
6 7 2 1 3 5 4
5 4 2 3 7 6 1
7 2 5 3 4 6 1
6 1 2 4 5 7 3
7 6 2 5 4 3 1
1 5 3 6 2 7 4
6 7 4 2 5 1 3
4 6 3 2 7 1 5
6 7 2 3 4 5 1
4 5 3 7 2 6 1
3 7 5 1 2 4 6
2 6 5 4 3 7 1
1 5 7 6 4 2 3
4 5 2 7 1 3 6
1 6 4 3 7 2 5
7 2 4 1 5 3 6
5 3 1 6 7 2 4
1 7 5 2 4 3 6
7 3 5 6 1 4 2
3 4 1 2 6 7 5
4 1 2 6 3 7 5
5 2 7 3 1 4 6
6 1 7 4 2 3 5
5 7 4 1 3 6 2
2 3 7 5 1 6 4
4 6 1 7 2 3 5
6 5 3 1 7 2 4
7 6 2 5 4 1 3

10
Person0
Person1
Person2
Person3
Person4
Person5
Person6
Person7
Person8
Person9
8 2 5 9 3 6 1 4 7 10
6 7 1 5 10 4 9 2 8 3
3 2 1 6 7 9 5 8 4 10
7 9 6 1 5 3 8 10 2 4
4 8 1 10 6 3 7 9 5 2
9 3 2 6 5 7 1 8 4 10
3 5 2 8 1 7 9 10 4 6
4 9 6 7 5 2 10 1 8 3
4 9 1 7 8 2 5 6 10 3
9 5 7 1 2 4 10 8 3 6
7 5 2 3 8 6 9 1 10 4
5 7 6 3 4 9 10 2 8 1
2 5 7 3 6 10 9 4 8 1
6 9 8 4 3 7 10 2 5 1
2 7 5 10 6 1 9 8 3 4
2 5 10 1 3 7 9 8 6 4
3 10 5 1 8 7 9 2 6 4
6 4 1 5 3 7 9 8 2 10
7 9 1 5 2 8 10 4 6 3
1 4 2 9 10 5 8 3 7 6
6 4 5 1 10 2 3 9 7 8
7 3 4 5 2 6 8 1 9 10
9 8 1 3 2 10 5 6 7 4
10 7 8 6 4 9 5 2 1 3
10 3 7 4 1 9 8 6 5 2
6 2 5 9 4 8 3 1 7 10
10 6 9 4 1 5 7 2 3 8
1 3 4 5 2 10 8 9 7 6
3 4 2 6 9 1 5 7 8 10
6 4 2 5 9 10 7 1 8 3
4 9 8 2 3 7 1 10 5 6
5 7 10 2 8 6 1 9 3 4
2 4 3 5 10 7 9 6 8 1
2 10 5 8 3 9 1 7 4 6
8 4 3 2 1 9 7 6 5 10
5 7 10 9 4 6 1 3 2 8
7 3 4 5 2 10 1 9 8 6
4 5 10 7 6 2 8 9 1 3
4 5 7 3 2 8 10 9 1 6
6 8 9 5 4 2 10 7 1 3
3 5 10 2 9 6 7 1 8 4
1 3 4 10 7 2 6 5 9 8
1 7 10 9 2 8 6 4 3 5
10 7 3 8 6 1 4 5 9 2
9 10 3 1 6 7 2 5 8 4
2 6 8 1 7 3 5 10 9 4
6 5 7 1 8 4 9 2 3 10
3 1 2 5 10 8 4 6 7 9
9 10 7 8 5 3 4 1 2 6

8
Person0
Person1
Person2
Person3
Person4
Person5
Person6
Person7
1 3 7 5 6 4 2 8
4 2 6 7 5 8 1 3
4 7 5 8 3 6 2 1
2 8 7 5 6 3 4 1
8 5 4 2 3 1 6 7
3 1 2 6 5 4 7 8
7 4 1 3 8 5 2 6
8 4 3 6 5 1 7 2
8 7 5 4 6 3 1 2
7 4 2 5 1 8 6 3
4 8 6 5 7 3 1 2
1 6 7 2 8 4 5 3
3 7 6 8 4 5 2 1
6 7 4 5 1 2 3 8
2 1 5 4 7 8 6 3
2 3 6 1 7 5 8 4
6 4 1 5 7 3 2 8
4 6 7 2 1 5 8 3
5 3 2 4 1 8 6 7
1 8 7 4 5 2 3 6
5 6 7 8 3 1 4 2
6 2 5 1 8 3 7 4
5 6 7 3 8 2 4 1
4 3 5 7 8 2 6 1
8 2 1 4 5 3 7 6
2 7 8 6 3 5 1 4
7 5 4 3 6 8 1 2
7 5 2 4 1 6 3 8
5 7 3 2 6 8 4 1
1 6 8 7 5 2 4 3
8 1 3 2 5 4 6 7
4 2 3 5 1 6 7 8
1 8 6 2 4 5 7 3
8 2 1 3 5 6 7 4
2 8 5 7 1 3 6 4
6 2 1 5 4 3 8 7
4 7 8 3 5 1 2 6
1 4 5 2 7 8 3 6
5 8 3 7 2 4 6 1
6 7 2 8 1 3 4 5
4 1 8 7 2 6 5 3
3 5 4 2 6 1 7 8
4 7 3 5 6 8 1 2

5
Person0
Person1
Person2
Person3
Person4
3 4 5 2 1
2 4 1 5 3
3 5 1 4 2
1 4 3 2 5
5 2 1 3 4
2 4 1 5 3
2 3 1 4 5
2 4 1 5 3
2 3 1 4 5
1 5 3 2 4
2 1 4 3 5
1 2 3 5 4
5 1 3 2 4
3 1 2 5 4
2 4 5 1 3
4 2 5 1 3
1 5 4 2 3
3 4 1 5 2
4 3 2 1 5
3 1 4 5 2
4 3 1 2 5
2 3 4 1 5
2 5 4 3 1
2 5 3 1 4
2 3 5 1 4
1 2 5 4 3
3 2 5 4 1
5 1 2 3 4
4 5 3 1 2
3 2 1 5 4
4 1 3 5 2
3 5 1 2 4
3 1 2 5 4
5 2 4 1 3
1 2 4 3 5
5 4 2 1 3
1 4 5 2 3

19
Person0
Person1
Person2
Person3
Person4
Person5
Person6
Person7
Person8
Person9
Person10
Person11
Person12
Person13
Person14
Person15
Person16
Person17
Person18
2 14 19 12 1 3 11 18 5 13 6 15 7 17 8 16 9 4 10
3 14 8 7 12 5 18 15 2 19 9 16 11 6 1 10 13 17 4
4 14 3 2 6 11 13 18 19 12 16 1 15 17 8 9 10 5 7
17 9 3 15 16 5 14 10 6 13 18 7 4 1 11 2 8 12 19
2 18 13 12 16 4 5 17 10 15 9 7 11 8 3 6 19 1 14
1 17 10 12 4 3 16 11 7 13 14 2 6 19 9 5 8 18 15
16 19 1 7 14 9 5 8 12 13 10 17 3 2 15 11 4 18 6
17 9 12 13 18 10 15 7 16 11 4 3 19 1 14 6 5 8 2
11 9 15 19 2 13 12 18 7 5 8 14 16 4 17 1 6 3 10
15 18 17 10 14 2 6 8 9 1 5 7 11 12 19 13 4 3 16
5 8 15 4 12 18 17 13 7 10 19 11 9 1 2 3 6 14 16
4 12 10 6 1 7 14 8 9 15 5 16 3 19 17 18 11 13 2
9 19 5 13 10 1 3 4 11 14 8 12 7 17 15 6 18 16 2
10 3 9 19 17 13 8 18 4 2 14 7 11 6 15 12 1 5 16
17 11 10 7 18 8 16 14 15 13 9 19 4 3 5 1 12 6 2
10 7 2 1 18 6 15 4 19 5 17 8 14 13 3 11 9 16 12
6 10 9 14 11 19 2 18 15 5 8 13 17 1 3 16 4 7 12
19 4 17 9 5 12 16 6 18 11 10 8 13 2 15 3 7 14 1
12 10 8 9 5 15 4 19 11 17 1 16 18 2 13 14 6 7 3
5 8 13 14 19 16 7 17 11 18 9 1 12 10 15 6 2 3 4
17 12 9 14 8 1 4 3 10 6 5 11 19 2 15 13 16 7 18
9 12 18 5 6 17 7 11 1 8 14 2 15 4 10 19 13 3 16
16 2 4 14 10 1 8 15 3 19 5 17 12 9 13 11 18 6 7
4 15 3 9 1 2 8 12 10 19 18 13 7 17 6 16 11 5 14
4 18 19 12 1 2 16 3 11 6 7 17 10 8 13 5 9 14 15

4
Person0
Person1
Person2
Person3
3 2 4 1
4 2 3 1
3 2 1 4
4 1 2 3
3 2 1 4
1 4 2 3
4 3 1 2
2 1 3 4
2 4 3 1
1 3 4 2
2 4 3 1

6
Person0
Person1
Person2
Person3
Person4
Person5
3 2 1 4 6 5
5 2 6 4 3 1
6 3 1 2 4 5
1 3 2 5 4 6
6 1 2 5 3 4
3 4 2 5 1 6
4 3 6 5 1 2
3 5 2 1 4 6
3 5 2 6 4 1
6 4 3 2 1 5
6 4 1 5 3 2
4 3 2 6 1 5
2 1 3 5 4 6
3 1 4 6 5 2
4 1 5 6 2 3
6 5 4 2 3 1
3 5 1 4 6 2
2 5 6 4 1 3
2 3 5 4 1 6

19
Person0
Person1
Person2
Person3
Person4
Person5
Person6
Person7
Person8
Person9
Person10
Person11
Person12
Person13
Person14
Person15
Person16
Person17
Person18
13 1 6 8 14 3 2 5 4 7 15 11 16 18 9 12 17 10 19
8 15 1 9 5 11 6 4 18 14 12 13 10 19 16 2 3 7 17
17 14 5 16 11 13 8 7 18 1 12 2 15 9 10 6 3 4 19
16 4 13 7 1 14 11 15 3 2 12 17 6 18 8 19 9 5 10
6 7 1 4 19 15 11 16 5 10 9 14 2 3 17 18 13 8 12
14 13 12 15 8 10 2 4 9 1 19 18 16 5 11 6 3 17 7
8 19 1 16 13 14 6 7 5 15 12 18 2 11 10 3 9 17 4
17 10 5 1 9 19 18 15 4 6 7 11 13 12 2 8 14 16 3
9 13 14 2 7 15 6 11 12 3 18 19 10 5 4 1 17 8 16