18

3
Captain America
Nick Fury
Bat man
2 1 3
3 2 1
2 1 3
3 1 2
1 2 3
3 2 1
1 2 3
1 2 3
1 2 3
1 2 3
2 3 1
1 2 3
1 2 3
1 3 2
2 3 1
2 3 1
1 2 3
3 2 1
2 1 3
2 1 3
1 2 3
1 3 2
3 1 2

8
Captain Marvel
The Hulk
Captain America
Tony Stark
Pepper Potts
Peter Parker
Nick Fury
Bat man
3 5 4 1 6 2 8 7
8 2 6 7 3 1 4 5
5 4 3 7 8 2 6 1
4 2 6 3 8 1 5 7
7 2 8 6 1 3 4 5
1 3 8 6 5 7 2 4
8 3 2 7 4 1 5 6
8 5 3 6 4 1 7 2
6 1 2 3 5 4 7 8
6 3 8 5 1 7 4 2
2 8 6 4 1 5 7 3
3 6 2 1 5 4 8 7
6 3 7 5 1 4 2 8
1 5 8 7 2 3 4 6
8 7 4 1 3 5 2 6
6 2 3 8 1 7 5 4
8 3 7 6 2 1 4 5
5 3 6 2 4 7 8 1
4 1 6 8 5 2 7 3
7 4 1 8 5 2 6 3
1 6 3 4 2 8 7 5
1 8 4 5 3 2 6 7

8
Captain Marvel
The Hulk
Tony Stark
Pepper Potts
Peter Parker
Nick Fury
Bat man
Aqua Man
4 2 5 6 7 1 8 3
7 4 6 5 2 3 8 1
4 3 1 5 2 6 7 8
1 6 5 4 7 2 8 3
2 5 1 6 7 3 8 4
7 4 6 2 1 5 8 3
8 7 5 2 1 6 4 3
7 8 1 4 3 2 6 5
7 5 8 4 2 1 6 3
2 6 4 5 3 7 1 8
1 5 3 8 7 2 6 4
5 6 8 3 2 7 1 4

6
The Hulk
Captain America
Tony Stark
Peter Parker
Nick Fury
Aqua Man
3 2 5 6 1 4
5 4 2 6 1 3
4 6 1 3 5 2
6 1 5 4 3 2
5 2 4 6 1 3
2 4 3 1 5 6
1 3 2 5 4 6
1 2 6 4 3 5
3 6 4 5 1 2
6 5 1 4 2 3
1 5 4 6 2 3
1 3 4 6 2 5
4 1 3 2 6 5
2 6 1 3 5 4
1 6 5 2 4 3
3 4 1 2 5 6
6 1 4 5 2 3
6 2 4 1 3 5
5 2 4 6 3 1
6 3 4 2 5 1
6 3 4 1 5 2
5 6 2 3 1 4
6 5 2 4 1 3
2 4 3 1 6 5
5 6 3 2 1 4
3 1 4 6 2 5

6
Captain Marvel
Tony Stark
Pepper Potts
Peter Parker
Bat man
Aqua Man
1 6 3 5 4 2
3 6 2 5 1 4
2 3 5 1 4 6
6 5 2 1 3 4
5 1 3 2 4 6
1 6 5 3 2 4
3 1 6 4 5 2
6 3 5 2 4 1
6 3 5 2 4 1
5 6 4 1 2 3
2 4 1 3 5 6
6 5 4 3 1 2
1 5 4 3 6 2
2 4 1 6 5 3
3 2 4 5 1 6
1 3 2 5 4 6
6 4 1 3 5 2
2 5 3 6 1 4
5 6 4 1 3 2
4 3 1 2 5 6
1 6 2 5 4 3
2 6 3 4 1 5
5 4 1 2 6 3
3 1 6 5 4 2
1 4 3 5 2 6
1 3 2 4 5 6
1 3 2 4 5 6
6 5 2 4 1 3
3 4 5 1 2 6
3 4 5 6 2 1

3
Peter Parker
Nick Fury
Bat man
1 2 3
1 3 2
1 3 2
1 2 3
1 3 2
1 3 2
3 1 2
3 1 2
3 2 1
1 3 2
3 1 2
1 3 2
1 2 3
1 3 2
3 1 2
1 3 2
3 1 2
1 3 2
3 2 1
1 2 3
2 1 3
1 3 2
3 1 2
2 3 1
3 2 1
1 2 3
2 3 1
3 1 2
1 2 3
1 3 2
2 3 1
2 3 1
2 1 3
1 2 3

5
Captain Marvel
The Hulk
Tony Stark
Bat man
Aqua Man
3 5 2 1 4
3 1 5 4 2
2 1 3 4 5
4 2 3 1 5
3 4 5 2 1
4 3 1 2 5
2 4 5 3 1
3 2 4 5 1
5 4 3 2 1
1 2 4 3 5
4 1 3 2 5
1 4 2 5 3
5 2 3 4 1
1 3 5 2 4
1 5 3 2 4
4 2 5 1 3
4 2 1 3 5
4 5 1 2 3
1 3 5 2 4
2 5 1 4 3
5 4 3 1 2
1 5 4 3 2
3 1 2 5 4
2 5 3 4 1
5 2 1 3 4
2 4 3 5 1
3 5 4 2 1
5 2 1 4 3
2 4 1 5 3
2 5 1 3 4
3 4 5 1 2
5 4 1 2 3

7
Captain Marvel
The Hulk
Tony Stark
Captain America
Peter Parker
Nick Fury
Aqua Man
5 6 2 3 7 4 1
7 3 5 2 6 4 1
3 7 4 6 5 2 1
6 5 1 4 2 7 3
6 3 1 5 7 2 4
1 2 4 5 6 7 3
3 5 4 1 2 7 6
1 2 5 6 4 3 7
7 6 5 2 3 4 1
3 5 2 6 7 1 4
3 1 7 5 6 2 4
1 2 3 5 6 7 4

3
Captain Marvel
Tony Stark
Pepper Potts
3 2 1
3 1 2
2 1 3
2 1 3
2 3 1
1 2 3
2 1 3
3 2 1
2 3 1
1 2 3
2 3 1
2 3 1
2 1 3
3 2 1
2 1 3
3 1 2
1 2 3
1 2 3
3 1 2
1 2 3
3 1 2
3 1 2
3 1 2
2 1 3
1 2 3
2 3 1
3 1 2
2 1 3
1 3 2

8
The Hulk
Tony Stark
Captain America
Pepper Potts
Peter Parker
Nick Fury
Bat man
Aqua Man
2 7 6 8 3 5 4 1
4 8 1 6 2 3 7 5
4 5 2 6 3 7 8 1
5 7 1 6 4 2 3 8
4 7 1 2 5 6 3 8
6 3 4 5 2 7 8 1
2 6 1 4 7 3 5 8
2 1 5 3 8 4 6 7
5 3 8 2 7 4 6 1
3 1 8 5 7 2 4 6
4 6 8 1 2 5 3 7
2 8 7 5 1 6 3 4
2 8 5 7 1 4 6 3
2 7 8 5 1 3 4 6
1 6 5 3 4 2 8 7
4 2 8 3 6 5 1 7
2 3 4 5 1 8 6 7
1 2 6 3 4 8 5 7
4 5 6 3 2 7 8 1
8 5 2 6 1 4 3 7
6 7 8 3 2 4 1 5
1 5 2 4 8 6 7 3
1 4 8 7 6 3 5 2

4
Captain America
Pepper Potts
Nick Fury
Bat man
3 4 2 1
2 1 4 3
1 3 2 4
2 3 1 4
3 4 1 2
3 4 2 1
4 1 2 3
3 2 1 4
2 3 1 4
4 1 3 2
1 2 4 3
1 2 4 3
4 1 2 3
2 4 1 3
3 2 1 4
4 2 1 3

5
Captain Marvel
Pepper Potts
Peter Parker
Bat man
Aqua Man
4 3 1 2 5
4 1 5 3 2
2 3 1 4 5
5 1 2 4 3
3 1 2 5 4
1 5 2 3 4
5 4 1 2 3
4 2 3 5 1
5 2 4 3 1

4
Captain Marvel
The Hulk
Peter Parker
Bat man
3 4 1 2
2 4 3 1
2 3 4 1
3 2 1 4
3 2 1 4
4 1 2 3
2 3 1 4
3 2 4 1
1 4 3 2
3 4 2 1
4 1 3 2
4 3 2 1
3 2 4 1
1 3 2 4
2 4 3 1
1 3 4 2
1 4 2 3
2 4 1 3
3 4 1 2
3 4 1 2
1 4 2 3
1 2 3 4
4 3 1 2
1 3 2 4
3 2 1 4
2 3 4 1
1 2 4 3
2 3 1 4
3 4 2 1
4 3 2 1

5
Captain Marvel
The Hulk
Tony Stark
Peter Parker
Aqua Man
1 3 5 2 4
5 2 3 4 1
1 2 4 5 3
2 3 5 1 4
5 3 2 4 1
1 3 4 5 2
4 5 3 2 1
3 5 4 1 2
5 1 2 4 3
4 2 1 5 3
2 5 3 4 1
1 4 5 3 2
2 1 3 5 4
5 1 4 3 2
1 2 4 5 3
1 2 3 4 5
3 4 2 1 5
5 2 3 1 4
3 5 4 2 1
3 4 1 2 5
5 1 2 4 3
5 1 3 2 4
3 1 2 5 4
4 5 2 3 1
2 5 4 1 3
4 2 5 3 1
2 3 4 5 1
3 2 5 4 1
3 4 2 1 5
1 4 2 3 5
1 2 4 5 3
5 2 1 4 3

5
Captain Marvel
The Hulk
Peter Parker
Nick Fury
Aqua Man
2 4 3 1 5
3 5 2 1 4
3 2 4 1 5
5 2 1 4 3
3 1 4 2 5
3 2 5 4 1
4 3 5 1 2
3 4 1 5 2
3 5 2 1 4
1 3 5 4 2
3 2 1 4 5
4 2 1 3 5

7
The Hulk
Captain America
Tony Stark
Pepper Potts
Nick Fury
Bat man
Aqua Man
3 2 6 1 4 7 5
3 4 6 2 7 5 1
3 5 7 2 1 6 4
7 3 4 6 2 1 5
4 7 5 2 1 3 6
5 2 3 1 6 7 4
7 4 1 5 6 3 2
6 7 3 1 2 4 5
3 7 4 6 5 2 1
5 3 2 6 1 7 4
5 2 4 3 1 6 7
1 3 6 2 4 7 5
6 7 1 4 3 2 5
5 3 6 1 2 7 4
5 7 2 1 6 3 4
1 2 3 4 6 7 5
1 4 3 6 5 2 7

8
Captain Marvel
Tony Stark
Captain America
Pepper Potts
Peter Parker
Nick Fury
Bat man
Aqua Man
7 2 3 1 4 6 5 8
6 8 5 4 1 7 3 2
8 4 2 6 7 5 3 1
4 8 5 7 6 2 3 1
2 8 7 6 3 5 4 1
2 1 8 7 6 3 5 4
7 6 8 1 4 5 2 3
5 8 4 1 7 3 2 6
7 5 4 6 2 8 3 1
7 1 5 4 3 8 2 6
6 7 1 8 5 4 2 3
2 7 5 6 3 4 8 1
3 2 6 4 8 5 7 1
1 5 8 7 3 2 6 4
7 4 1 3 8 2 6 5
5 2 7 4 1 6 8 3
6 5 1 3 4 2 8 7
1 2 5 7 4 3 8 6
2 8 1 5 7 6 3 4
6 2 7 8 4 3 5 1
5 8 2 1 3 4 6 7
8 1 7 6 2 3 5 4
6 8 3 1 4 2 7 5
8 5 2 3 6 4 1 7
7 6 1 4 8 2 3 5
2 7 6 4 3 8 1 5
8 3 4 6 5 1 2 7
5 2 3 8 1 7 6 4
3 6 7 2 1 4 5 8
3 6 7 5 1 8 4 2
7 2 1 4 8 6 5 3
4 7 1 5 6 2 8 3
6 1 4 5 3 8 7 2
8 1 2 4 7 6 3 5

4
Captain Marvel
Captain America
Peter Parker
Bat man
1 3 2 4
1 3 2 4
4 1 3 2
3 4 1 2
2 3 4 1
4 3 1 2
1 3 2 4
1 2 4 3
4 2 3 1
4 1 3 2
3 1 2 4
2 3 1 4
4 1 3 2
2 1 3 4
1 3 4 2