11

3
John Doe
Jane Smith
Sriham Sriham
1 3 2
1 2 3
1 2 3
1 3 2
2 1 3
2 1 3
2 3 1
2 1 3
3 1 2
3 1 2

10
James
Greg
Sam
Jadie
Jerry
Elizabeth
Kalie
Karen
Michael
Alison
1 2 3 4 5 6 7 8 9 10

2
Elizabeth
James
1 2
1 2
2 1
2 1
1 2
2 1
1 2
1 2
2 1
2 1
1 2
2 1
1 2
1 2
2 1
2 1
1 2
2 1
1 2
1 2
2 1
2 1
1 2
2 1
2 1
1 2
1 2
1 2
2 1
2 1
1 2
2 1
2 1
1 2
1 2
1 2
2 1
2 1
1 2
2 1
2 1
1 2
2 1
1 2
2 1
1 2
2 1
1 2
2 1
1 2
2 1
1 2
2 1
1 2

20
James
Greg
Sam
Jadie
Jerry
Elizabeth
Kalie
Karen
Michael
Alison
Travis
Melody
Alex
Caden
Evelyn
Jacob
Jeremy
Braxton
Kevin
Trevor
18 7 16 1 20 3 4 15 17 11 19 14 2 10 13 8 5 6 9 12
14 18 15 5 1 20 4 11 6 12 10 7 2 3 9 17 8 13 16 19
1 16 14 17 2 19 20 11 10 9 5 13 8 12 3 18 15 7 4 6
14 9 3 16 10 7 1 4 18 8 17 20 19 6 2 15 13 11 12 5
11 14 2 18 17 5 20 1 4 10 19 8 9 15 3 16 12 7 6 13
4 13 7 19 18 11 9 3 17 10 15 16 6 5 1 20 14 12 8 2
11 1 4 16 2 6 20 14 5 13 19 10 9 12 8 3 7 18 17 15
17 10 6 18 13 14 16 9 15 4 2 19 5 7 11 12 3 20 1 8
17 2 1 20 3 7 9 15 12 11 19 4 5 10 14 16 13 8 6 18
3 2 6 13 8 16 18 7 14 19 15 12 9 17 20 1 5 10 4 11
15 19 12 2 20 7 8 4 18 1 14 6 13 10 3 9 5 11 16 17
12 10 6 19 13 3 5 15 20 17 2 9 14 1 18 16 7 4 8 11
5 4 8 19 16 14 11 20 6 10 18 13 1 7 15 3 17 9 12 2
19 7 20 2 5 6 8 4 14 10 16 15 18 17 13 9 3 12 11 1
16 3 9 19 11 14 7 12 5 1 20 2 15 8 18 17 4 13 6 10
17 16 20 5 6 15 18 11 12 13 1 14 8 19 3 4 9 7 2 10
14 18 11 3 16 9 15 20 2 5 12 1 4 13 17 6 19 10 7 8
7 8 9 18 4 10 16 17 3 2 1 12 5 19 6 20 15 11 13 14
4 6 1 15 18 5 11 13 12 8 16 19 14 2 9 7 10 3 17 20
3 9 18 20 19 15 14 1 2 12 10 6 17 4 7 11 5 8 16 13
8 4 5 1 19 20 7 12 15 6 10 11 16 13 2 14 17 18 9 3
1 14 3 10 15 6 5 20 17 2 19 4 13 7 8 11 12 9 18 16
6 5 11 17 12 20 8 16 15 13 10 19 14 1 4 2 18 7 3 9
4 13 7 18 5 8 19 6 15 14 1 11 9 10 12 20 2 16 3 17
9 2 15 16 19 3 18 1 7 11 13 8 6 14 10 12 5 4 20 17
19 20 10 1 18 8 15 14 16 13 6 11 17 2 9 3 12 7 4 5
5 13 20 12 11 7 10 2 9 4 1 8 16 17 15 18 14 3 19 6
13 8 6 18 2 4 5 10 15 9 12 16 17 19 1 20 7 11 3 14
20 19 18 10 17 6 11 8 5 2 14 9 7 15 1 12 16 4 3 13
18 1 20 9 10 4 2 3 7 6 11 14 15 19 13 12 8 17 16 5
10 4 6 3 8 18 19 14 15 1 9 17 5 13 11 2 12 7 20 16

10
Kalie
Karen
Michael
Alison
Travis
Melody
Alex
Caden
Evelyn
Jacob
9 1 6 5 7 10 4 3 2 8
2 3 7 5 6 9 1 8 4 10
10 5 6 1 3 8 9 4 2 7
3 9 8 2 6 1 7 5 10 4
8 5 6 1 10 7 4 2 9 3
5 3 7 2 8 1 9 4 10 6
9 4 5 10 8 3 7 1 6 2
5 4 2 6 10 7 3 9 8 1
1 5 9 6 8 7 3 10 4 2
1 4 3 8 7 9 2 5 6 10
4 5 7 10 9 1 2 6 8 3
8 1 7 4 6 2 5 3 9 10
3 5 1 7 9 4 2 8 6 10
3 4 7 8 9 5 10 1 6 2
1 2 6 10 4 9 7 8 3 5
1 7 3 10 9 5 6 2 8 4
9 4 10 7 1 8 2 6 3 5
7 1 6 8 4 10 9 5 3 2
8 2 1 6 7 3 9 4 5 10
9 3 1 4 7 5 2 6 8 10
4 5 7 10 9 1 2 6 8 3
8 1 7 4 6 2 5 3 9 10
3 5 1 7 9 4 2 8 6 10
3 4 7 8 9 5 10 1 6 2
1 2 6 10 4 9 7 8 3 5
1 7 3 10 9 5 6 2 8 4
9 4 10 7 1 8 2 6 3 5
7 1 6 8 4 10 9 5 3 2
8 2 1 6 7 3 9 4 5 10
9 3 1 4 7 5 2 6 8 10
8 5 2 1 4 3 6 10 7 9
2 1 4 8 6 5 9 3 7 10
10 7 9 4 8 1 6 5 2 3
2 10 6 8 5 7 4 9 1 3
10 1 6 4 7 2 9 8 5 3
9 5 4 10 1 2 6 3 8 7
8 3 6 4 9 2 10 7 5 1
2 5 3 1 10 7 9 8 6 4
3 1 7 8 10 6 2 4 5 9
7 9 8 3 5 10 6 2 1 4

3
James
Jerry
Jeremy
1 2 3
3 1 2
2 3 1
1 2 3
3 1 2
2 3 1
1 2 3
3 1 2
2 3 1
1 2 3
3 1 2
2 3 1
1 2 3
3 1 2
2 3 1
1 2 3
3 1 2
2 3 1
1 2 3
3 1 2
2 3 1
1 2 3
3 1 2
2 3 1
1 2 3
3 1 2
2 3 1
1 2 3
3 1 2
2 3 1
1 2 3
3 1 2
2 3 1
1 2 3
3 1 2
2 3 1
1 2 3
3 1 2
2 3 1
1 2 3
3 1 2
2 3 1

20
James
Greg
Sam
Jadie
Jerry
Elizabeth
Kalie
Karen
Michael
Alison
Travis
Melody
Alex
Caden
Evelyn
Jacob
Jeremy
Braxton
Kevin
Trevor
1 2 3 4 5 6 7 8 9 10 11 12 13 14 15 16 17 18 19 20
2 1 3 4 5 6 7 8 9 10 11 12 13 14 15 16 17 18 19 20
3 2 1 4 5 6 7 8 9 10 11 12 13 14 15 16 17 18 19 20
4 2 3 1 5 6 7 8 9 10 11 12 13 14 15 16 17 18 19 20
5 2 3 4 1 6 7 8 9 10 11 12 13 14 15 16 17 18 19 20
6 2 3 4 5 1 7 8 9 10 11 12 13 14 15 16 17 18 19 20
7 2 3 4 5 6 1 8 9 10 11 12 13 14 15 16 17 18 19 20
8 2 3 4 5 6 7 1 9 10 11 12 13 14 15 16 17 18 19 20
9 2 3 4 5 6 7 8 1 10 11 12 13 14 15 16 17 18 19 20
10 2 3 4 5 6 7 8 9 1 11 12 13 14 15 16 17 18 19 20
11 2 3 4 5 6 7 8 9 10 1 12 13 14 15 16 17 18 19 20
12 2 3 4 5 6 7 8 9 10 11 1 13 14 15 16 17 18 19 20
13 2 3 4 5 6 7 8 9 10 11 12 1 14 15 16 17 18 19 20
14 2 3 4 5 6 7 8 9 10 11 12 13 1 15 16 17 18 19 20
15 2 3 4 5 6 7 8 9 10 11 12 13 14 1 16 17 18 19 20
16 2 3 4 5 6 7 8 9 10 11 12 13 14 15 1 17 18 19 20
17 2 3 4 5 6 7 8 9 10 11 12 13 14 15 16 1 18 19 20
18 2 3 4 5 6 7 8 9 10 11 12 13 14 15 16 17 1 19 20
19 2 3 4 5 6 7 8 9 10 11 12 13 14 15 16 17 18 1 20
20 2 3 4 5 6 7 8 9 10 11 12 13 14 15 16 17 18 19 1

10
Sam
Jadie
Jerry
Elizabeth
Kalie
Alex
Caden
Evelyn
Jacob
Jeremy
5 10 7 2 6 1 8 3 9 4
1 2 8 6 7 3 4 9 5 10
7 9 1 8 6 10 5 2 4 3
5 9 4 3 7 6 10 1 2 8
4 7 10 2 1 8 5 6 9 3
9 3 5 6 8 1 7 10 4 2
6 1 5 2 9 3 7 4 8 10
9 8 2 6 5 10 1 7 4 3
7 6 3 2 10 9 4 8 1 5
1 6 5 10 4 3 7 8 2 9
7 3 6 4 1 9 2 10 8 5
10 9 1 3 4 2 6 5 8 7
6 5 8 2 7 4 10 3 9 1
10 9 5 4 7 6 8 3 1 2
2 7 4 8 3 5 10 9 6 1
1 4 10 7 3 5 6 2 8 9
6 10 1 4 9 5 8 2 7 3
8 4 6 2 5 3 1 10 9 7
8 10 6 7 3 1 2 4 5 9
10 6 9 3 7 5 8 4 1 2
5 3 8 9 4 6 1 2 7 10
10 2 4 5 6 1 3 8 9 7
3 4 1 10 2 6 5 8 7 9
4 8 5 2 1 3 9 7 10 6
9 8 7 3 6 4 1 10 2 5
9 3 2 1 5 4 8 7 10 6
4 9 8 6 1 3 7 2 10 5
2 10 7 8 9 3 1 4 5 6
4 7 5 2 1 6 9 3 8 10
8 6 9 7 4 5 1 10 3 2
5 3 8 9 4 6 1 2 7 10
10 2 4 5 6 1 3 8 9 7
3 4 1 10 2 6 5 8 7 9
4 8 5 2 1 3 9 7 10 6
9 8 7 3 6 4 1 10 2 5
9 3 2 1 5 4 8 7 10 6
4 9 8 6 1 3 7 2 10 5
2 10 7 8 9 3 1 4 5 6
4 7 5 2 1 6 9 3 8 10
8 6 9 7 4 5 1 10 3 2

8
Greg
Sam
Jadie
Jerry
Evelyn
Jacob
Jeremy
Braxton
8 3 2 1 5 4 6 7
5 1 7 8 4 1 3 6
4 8 5 7 1 2 6 8
1 4 8 3 6 5 2 7
8 3 2 1 5 4 6 7
5 2 7 4 8 1 3 6
4 1 5 7 1 2 6 8
1 4 8 3 6 5 2 7
1 5 6 7 2 3 4 8
8 2 3 4 7 6 5 1
4 8 5 7 1 2 6 8

5
Jadie
Jerry
Evelyn
Jacob
Jeremy
4 2 1 5 3
2 3 1 4 5
4 2 1 5 3
1 4 2 3 5
3 5 4 2 1
3 1 2 5 4
4 3 2 5 1
2 3 5 1 4
4 5 3 2 1
2 5 4 1 3
1 3 4 2 5
3 2 5 1 4
5 4 1 2 3
1 4 5 2 3
4 5 2 3 1
2 1 4 5 3
2 1 4 5 3
4 2 3 5 1
2 5 4 3 1
2 1 3 5 4
4 3 1 2 5
5 3 2 1 4
5 1 3 2 4
3 5 2 1 4
1 5 4 3 2
3 1 2 5 4
1 5 2 4 3
4 1 2 5 3
3 1 2 5 4
3 4 2 1 5
5 1 4 3 2
4 5 1 2 3
3 4 5 1 2
1 2 4 3 5
4 2 5 1 3
3 1 2 5 4
5 2 4 3 1
3 2 5 1 4
5 1 2 3 4
3 2 1 5 4
2 5 4 1 3
3 5 2 4 1
4 5 3 2 1
5 3 4 1 2
1 2 3 5 4
2 5 3 4 1
2 3 5 4 1
4 5 3 1 2
5 3 2 1 4
5 2 4 1 3
1 5 3 4 2
4 2 3 1 5
3 2 4 1 5
3 5 1 2 4
3 2 1 5 4
4 1 2 5 3
3 5 2 4 1
4 3 5 2 1
4 1 3 2 5
2 4 1 5 3
4 1 5 2 3
5 3 4 1 2
1 2 5 3 4
1 4 2 5 3
2 1 5 3 4
1 2 4 3 5
4 5 1 2 3
4 3 5 1 2
3 4 2 5 1
1 2 5 4 3
4 2 3 1 5
5 4 1 3 2
5 3 4 1 2
5 2 4 1 3
1 2 5 3 4
4 1 5 2 3
3 4 2 5 1
3 5 4 2 1
1 4 3 5 2
2 5 4 1 3
4 2 1 5 3
5 2 1 4 3
4 3 5 2 1
2 4 5 1 3
1 4 3 2 5
1 3 2 4 5
4 5 2 3 1
5 4 1 3 2
2 1 4 5 3
4 1 3 5 2
1 4 3 5 2
5 2 3 4 1
3 1 5 4 2
3 5 1 4 2
5 1 4 3 2
5 2 1 3 4
2 3 4 1 5
1 3 4 5 2
5 2 4 1 3
3 4 1 2 5
5 3 4 1 2
1 2 5 3 4
1 4 2 5 3
2 1 5 3 4
1 2 4 3 5
4 5 1 2 3
4 3 5 1 2
3 4 2 5 1
1 2 5 4 3
4 2 3 1 5
5 4 1 3 2
5 3 4 1 2

20
Jerry
Michael
Sam
Karen
Kalie
Jadie
Evelyn
Sarah
Paulina
Travis
Elizabeth
Braxton
Kevin
Jacob
Alison
Greg
Jeremy
Alex
Chad
James
7 14 6 3 9 12 5 16 8 19 17 10 4 15 1 13 18 20 11 2
17 1 3 5 15 9 7 11 6 4 10 13 19 12 8 16 2 18 20 14
5 3 20 7 14 6 13 8 9 11 16 2 4 17 10 19 18 1 15 12
20 11 4 3 7 9 12 15 5 2 10 1 19 17 13 8 16 6 14 18
11 20 13 3 4 8 10 1 15 2 19 18 9 6 7 17 14 16 5 12
5 14 12 4 16 18 20 3 19 9 15 10 13 6 2 7 8 17 11 1
7 8 15 20 12 9 13 6 17 10 4 3 2 11 18 16 14 5 19 1
4 7 1 11 15 5 6 2 20 19 16 18 10 3 9 13 12 14 8 17
3 10 7 6 12 13 18 14 19 2 16 11 5 9 15 4 17 8 1 20
14 9 10 5 20 11 19 15 13 17 12 2 18 6 1 4 3 8 7 16
5 19 4 11 17 2 20 6 7 15 10 1 13 12 9 3 14 16 8 18
1 18 10 12 14 4 17 2 9 13 8 16 3 5 15 7 19 11 6 20
1 11 19 15 4 7 14 17 12 9 10 5 3 13 8 16 18 6 2 20
19 12 4 16 20 10 11 18 2 8 15 17 9 5 1 13 3 6 14 7
12 18 10 16 19 3 1 17 15 5 20 14 9 11 2 7 13 8 6 4
20 18 16 4 15 6 9 17 2 13 5 7 1 3 14 12 19 11 10 8
11 14 17 16 7 5 4 1 6 9 15 10 13 19 20 12 2 8 3 18
16 7 18 1 8 12 17 20 9 11 6 5 2 15 13 19 14 10 4 3
18 6 10 16 19 5 17 1 7 13 4 2 3 20 14 12 11 9 15 8
14 10 7 11 12 2 1 19 20 13 9 5 15 6 18 4 8 16 3 17
16 8 14 9 11 15 13 18 5 6 10 3 4 12 2 19 17 7 1 20
8 19 10 15 3 5 17 12 20 14 7 18 6 11 1 4 9 2 16 13
4 13 9 19 2 6 16 7 11 8 17 14 20 10 12 18 15 3 1 5
20 6 2 17 13 18 12 7 10 4 11 5 14 8 1 19 9 16 3 15
13 9 14 10 7 5 16 19 18 6 12 15 17 20 3 4 2 1 11 8
5 17 8 13 2 14 15 4 9 1 16 18 6 19 11 7 20 12 10 3
13 12 18 20 10 5 8 19 15 11 7 1 17 3 4 2 9 16 14 6
3 8 7 16 18 20 5 1 2 17 10 9 11 15 19 14 4 12 13 6
18 7 8 15 11 13 5 6 2 12 9 10 20 14 19 3 4 16 1 17
2 20 3 6 13 16 15 10 7 5 18 19 14 11 4 1 8 17 12 9
11 6 17 4 2 12 9 15 1 16 3 14 13 20 7 8 19 5 18 10
6 2 8 10 11 17 20 7 4 5 15 14 3 19 18 12 16 13 9 1
19 17 12 9 10 1 5 4 8 15 16 11 7 14 13 18 3 2 6 20
1 12 6 11 18 14 9 4 7 15 13 8 17 5 16 2 10 19 20 3
20 4 16 14 19 7 11 2 18 3 15 8 9 17 5 10 12 13 6 1
10 14 19 8 7 16 20 11 17 5 15 13 6 3 2 4 9 1 12 18
13 6 5 16 1 9 7 17 15 3 2 12 10 18 8 20 4 11 19 14
20 2 12 8 9 5 1 17 7 11 15 4 6 3 19 10 18 14 16 13
6 3 8 4 5 17 1 12 16 11 14 18 20 2 19 7 13 10 9 15
13 17 10 6 9 19 3 1 2 7 16 5 4 18 8 12 15 14 20 11
11 13 4 18 10 19 9 14 5 3 17 6 16 12 1 7 2 20 15 8
16 15 1 20 2 4 6 14 3 19 17 10 11 8 12 18 9 5 7 13
17 4 8 15 10 3 11 12 9 13 5 2 19 7 14 6 16 1 20 18
5 14 9 16 1 2 10 20 13 19 4 18 7 3 11 12 17 8 15 6
2 17 7 8 13 9 14 4 19 15 20 16 3 1 12 11 6 10 5 18
17 5 2 7 13 8 20 6 19 14 10 9 16 15 4 3 11 1 12 18
7 4 12 3 11 6 18 5 19 8 16 15 2 13 14 17 10 1 9 20
17 6 8 12 4 9 19 18 5 14 13 15 7 1 10 3 11 16 2 20
14 18 12 10 15 16 3 2 17 5 6 8 7 11 20 1 4 13 19 9
3 11 6 4 9 8 10 17 12 15 18 14 7 1 16 20 2 5 19 13
19 4 6 8 7 18 2 15 9 17 1 14 5 10 3 13 16 11 20 12
20 8 19 4 13 12 9 1 18 15 5 17 11 6 14 10 16 3 7 2
18 14 19 17 3 11 6 7 16 1 10 15 13 4 9 20 2 5 8 12
15 2 12 14 4 13 3 5 16 17 18 6 9 10 11 1 7 20 8 19
12 5 13 18 17 2 4 6 15 20 16 11 7 1 9 3 14 19 10 8
18 5 7 13 1 12 11 15 17 19 6 20 3 2 8 4 10 14 9 16
11 18 19 20 15 6 12 17 16 2 9 14 1 7 4 5 13 8 3 10
10 12 1 20 15 2 14 8 17 16 19 11 7 18 6 4 3 9 13 5
3 6 18 14 16 7 5 15 10 19 2 13 12 9 4 1 11 20 17 8
15 13 12 18 4 1 17 7 20 14 16 9 8 6 2 3 11 5 10 19
14 10 6 16 8 15 2 17 5 11 9 18 7 1 4 13 12 19 3 20
5 8 13 9 19 14 4 7 18 20 17 16 11 12 3 1 15 10 2 6
4 18 11 17 7 5 20 2 6 15 14 1 10 19 3 13 9 16 12 8
9 10 4 16 5 13 8 12 2 11 14 6 18 15 20 19 7 1 3 17
1 15 9 20 10 5 3 14 7 13 6 4 11 8 2 16 18 19 17 12
11 7 6 10 8 19 16 1 14 2 18 5 13 20 17 3 12 9 4 15
9 15 2 17 14 6 8 18 4 13 12 7 20 10 16 19 11 5 3 1
8 7 14 9 16 15 11 12 2 17 4 20 1 19 5 3 18 10 6 13
15 8 1 18 7 19 20 9 17 6 5 12 16 10 14 4 11 2 3 13
10 1 18 12 15 19 11 7 9 8 4 16 5 6 20 3 17 14 13 2
16 20 5 18 17 3 6 10 9 13 12 1 4 7 19 2 14 15 8 11
2 19 10 12 18 9 20 17 5 3 16 4 14 8 6 11 15 7 13 1
9 13 19 6 8 2 11 17 14 7 20 15 1 5 4 12 16 10 18 3
18 6 8 4 12 7 5 15 10 16 13 2 11 14 3 9 19 20 17 1
18 11 19 13 20 10 6 1 9 12 17 8 16 2 15 5 3 7 4 14
2 4 10 11 12 6 20 19 3 8 13 17 15 1 18 9 5 16 7 14
6 17 13 19 16 20 18 4 1 5 3 14 11 7 2 12 15 10 9 8
13 7 18 16 2 10 17 9 11 1 4 5 15 14 6 20 3 12 8 19
14 6 13 18 5 2 9 3 15 4 1 20 8 7 11 10 19 16 12 17