15

11
IN TCCVRUT
OUFKLLBW NCRIJ
UAMVUQOM YY
BZ GCDZ
QCHY PL
JJPTJXD VI
HRPDZFJ SMTCGGOOI
RX ZPJA
ZTPV TQODIM
WBRQ VLGQLH
PWQKHSC VHCE
2 11 3 5 8 9 4 1 6 7 10
2 10 4 9 11 8 3 7 6 5 1
8 9 10 11 5 6 4 2 3 1 7
3 2 5 8 1 9 11 10 7 4 6
10 1 5 2 7 9 3 4 11 6 8
10 9 2 4 7 3 6 8 11 5 1
2 7 9 10 4 11 6 8 3 1 5

8
AO PLOTNSLM
QVGENG IRZRT
EMAW UYWKPPQB
CDJLK WCIHNX
MZY MHD
SXEF SMOVXYPCR
DNY FBGYUJPQH
VYTJJNS MM
1 5 2 8 4 3 6 7
8 6 5 7 4 2 1 3
1 3 6 8 7 5 4 2
1 3 5 7 4 6 8 2
5 6 3 4 2 8 1 7
4 1 2 7 5 3 6 8
1 5 3 6 2 8 4 7
1 8 3 2 7 5 6 4
2 3 1 8 5 6 4 7
1 2 5 6 7 8 4 3
8 3 6 7 4 2 5 1
6 5 8 1 2 3 4 7
4 1 6 7 8 2 3 5
6 1 7 2 3 8 4 5
2 3 6 7 4 1 8 5
4 2 1 5 3 8 6 7
2 1 4 8 6 5 3 7
2 8 3 6 5 4 7 1
5 3 4 7 8 6 2 1
6 8 4 5 1 2 7 3
4 2 7 6 1 5 3 8
6 4 3 5 1 2 8 7
8 4 5 6 3 1 7 2
8 6 7 1 4 3 2 5
5 4 7 6 8 2 1 3
5 8 2 6 7 3 4 1
6 1 5 8 7 2 3 4
3 5 7 1 6 2 8 4

6
NCHRI LCBUSXYFJ
AZOLQ UVOZKVWT
GDIO HS
VEUFZZLG TBNCFIOYP
WPZWOLP ZCUTS
FUYGOKX EIQT
5 1 4 2 6 3
2 4 3 5 6 1
2 6 1 3 5 4
5 4 3 1 6 2
3 4 5 2 1 6
1 6 5 2 3 4
2 4 6 3 5 1
6 1 4 5 3 2
2 6 5 3 1 4
4 6 2 5 1 3
3 5 1 6 4 2
5 3 2 1 4 6
5 2 6 4 1 3
6 4 1 5 2 3
5 3 2 1 4 6
2 5 1 6 4 3
4 3 2 6 5 1
3 1 4 6 2 5
2 1 6 3 4 5
2 3 6 1 4 5
6 1 2 3 4 5
5 2 6 3 4 1
2 5 6 1 4 3
1 2 6 3 5 4

3
ARPBPM TZQQNQRJ
CDEDTMCI LZWWY
UBVWGW HUAWWNZD
1 2 3
1 3 2
1 2 3
1 2 3
2 3 1
2 3 1
1 3 2
2 1 3
3 1 2
3 2 1
2 3 1
1 2 3
2 3 1
3 1 2
1 3 2
3 2 1
1 3 2
2 1 3
2 3 1
2 3 1
3 1 2
1 2 3
3 1 2

6
VUXBT VZZKKFJO
LTLWZ MXPJC
LSELLJWNV AY
NPZCY WEUHX
JSAAUT NIX
TIDWOX UI
5 3 1 6 4 2
2 1 6 3 4 5
5 3 4 1 2 6
4 2 6 5 3 1
5 1 6 4 2 3
6 4 3 2 1 5
3 2 4 6 1 5
5 1 2 6 4 3
3 6 1 4 5 2
3 2 6 5 1 4
6 4 1 2 3 5
5 1 3 4 6 2
3 1 4 2 6 5
5 2 6 3 4 1
4 5 1 3 2 6
2 5 3 4 6 1
3 2 5 6 1 4
1 2 5 6 3 4
2 5 6 1 4 3
2 5 6 4 3 1
4 3 2 6 5 1
1 5 6 3 4 2
1 6 2 3 4 5
2 3 5 4 1 6
1 4 6 3 2 5
4 6 2 3 1 5
6 5 4 1 2 3
6 2 5 3 4 1
6 2 1 5 3 4
2 4 6 5 1 3
3 1 2 6 5 4
5 4 2 1 3 6
6 5 3 4 1 2
6 3 4 2 1 5
4 2 3 5 6 1
5 3 1 4 2 6
1 5 4 2 3 6
1 4 6 3 5 2
3 1 2 4 5 6
2 3 1 6 4 5
3 1 2 6 4 5
6 2 1 4 5 3
3 5 1 6 2 4
2 4 6 1 3 5
4 6 5 3 2 1

7
AHSIQLD TGOQKD
WSBN YCJINT
XEZYOWISO AJTAJT
IHSQVGBN QLU
DYRNX JH
SQU VKPJTARCI
NVW VPNHCOBKV
3 5 1 4 2 6 7
4 6 7 2 3 1 5
2 3 4 7 1 6 5
4 7 6 3 1 5 2
7 2 1 3 6 5 4
6 2 5 7 4 1 3
5 2 4 7 6 3 1
3 2 6 4 1 5 7
4 6 5 7 1 2 3
6 1 5 3 2 4 7
3 7 6 4 2 5 1
5 1 4 6 3 2 7
6 5 3 4 2 1 7
4 2 5 6 3 7 1
2 4 5 1 7 3 6
3 5 1 2 7 6 4
1 4 5 3 7 6 2
7 3 5 6 1 4 2
3 4 7 2 6 5 1
7 1 4 5 6 3 2
6 5 3 2 4 7 1
5 4 6 1 2 7 3
6 5 3 1 2 7 4
4 7 6 2 3 1 5
6 1 2 5 4 7 3
5 3 6 7 4 1 2
7 4 2 1 6 5 3
5 7 4 3 1 2 6
1 2 4 3 6 7 5
7 4 1 3 5 6 2
5 2 6 4 1 3 7
4 3 2 1 6 7 5
2 7 5 4 3 6 1
7 5 2 6 4 1 3
7 3 2 6 5 1 4
5 1 2 4 7 3 6
4 7 5 6 1 2 3
5 7 1 2 6 3 4
5 6 1 7 2 3 4
4 7 5 3 6 1 2
7 2 3 6 1 5 4
4 1 2 6 3 7 5
4 6 3 2 7 1 5
6 2 7 4 5 1 3
2 6 5 4 1 3 7
1 2 4 5 3 7 6
5 7 4 6 2 1 3
5 1 3 2 7 4 6
7 2 5 6 4 1 3
4 7 1 5 3 2 6
1 3 5 7 6 4 2
6 1 3 4 7 5 2
2 6 3 4 5 1 7
2 1 4 6 5 3 7
4 5 1 7 3 6 2
4 7 3 1 2 6 5
1 5 2 6 3 4 7
4 2 1 6 7 5 3
6 3 2 7 5 1 4
7 5 1 4 6 2 3
1 2 7 6 4 5 3
3 4 2 7 6 5 1
5 1 4 3 6 2 7
4 5 3 6 1 2 7
5 1 7 6 3 4 2
5 2 1 3 6 4 7
3 7 1 4 5 6 2
4 6 7 1 3 5 2
3 2 4 1 7 5 6
6 5 7 1 3 2 4

19
OGFXGM IKIDHOUVD
PPHOID IIFF
NC PXFRJFEVG
RLQEBQX AFDETQP
TPHIEN JHGRJ
WUVME MX
MCFWE JZMKHNP
BBHVBDKFU CQSQ
DPKABFVV BDDDKPDHZ
MQSN VJEWZOB
ITXAZ SVYAJA
NWWD QGOPK
XSMFK OWDJ
CRERHOQPU HCHKYW
IMMN LABCL
IMEKNMVC JIHVC
GKKGZLK CRMIKQY
DIYTWLIK ALUYCAY
IIPDZJJ HKEAW
4 1 17 18 3 16 5 19 8 10 15 12 11 9 7 2 13 6 14
15 11 8 4 7 10 6 1 13 17 3 14 9 19 18 16 12 2 5
8 11 6 12 5 19 7 1 9 2 4 13 14 10 16 17 3 15 18
16 5 19 1 11 8 15 12 6 9 4 17 14 10 18 7 13 3 2
8 14 11 15 9 12 7 16 2 13 19 18 5 10 3 6 4 17 1
15 5 18 12 9 8 14 1 3 4 2 17 13 11 6 19 16 7 10
11 1 6 7 15 16 4 14 9 5 3 17 13 18 8 2 19 10 12
17 16 8 10 14 5 3 2 11 1 4 9 13 18 19 7 15 12 6
16 8 2 18 13 6 1 4 3 11 12 14 5 7 10 19 15 9 17
13 19 18 3 1 2 11 5 16 8 17 15 10 6 4 12 9 14 7
7 12 2 17 16 13 10 15 1 5 19 18 11 9 8 3 4 14 6
14 16 9 3 12 7 4 5 11 13 10 19 1 15 2 18 17 8 6
12 15 11 1 5 4 7 18 17 2 9 3 8 14 13 6 19 16 10
14 11 4 9 16 13 2 3 8 7 15 19 18 17 12 10 1 5 6
9 14 2 10 18 4 13 11 15 12 7 6 5 17 19 16 8 1 3
19 2 17 3 10 1 15 13 16 14 7 5 12 18 4 9 6 11 8
2 8 19 12 11 10 6 16 13 17 4 3 15 5 9 14 18 7 1
18 7 9 10 15 14 8 19 17 11 3 16 4 2 12 5 6 1 13
4 8 3 11 2 17 15 18 16 7 12 5 9 10 1 13 19 14 6
14 1 12 15 2 3 18 11 5 13 7 4 9 16 6 8 17 10 19
14 15 3 6 5 10 16 13 17 1 7 11 2 12 18 9 4 19 8
11 14 3 5 9 12 1 8 4 6 10 18 19 2 15 7 17 16 13
9 3 6 14 12 17 11 19 1 15 13 10 7 4 18 16 5 2 8
7 12 8 5 2 6 3 11 4 10 1 15 17 13 16 19 18 9 14
12 13 10 3 15 19 17 14 4 8 2 16 11 5 7 18 6 9 1
14 13 18 17 15 5 2 12 3 1 7 4 19 8 10 11 6 9 16
19 2 13 9 12 6 11 16 5 8 17 4 10 7 3 1 14 18 15
6 8 2 19 5 13 16 17 9 3 1 12 4 10 11 18 7 14 15
6 5 14 9 16 7 17 4 2 13 11 18 15 1 8 10 3 12 19
16 17 14 6 1 19 18 8 11 3 5 12 9 7 10 15 13 4 2
13 7 5 10 12 16 15 3 11 19 6 1 17 18 8 14 4 9 2
13 19 17 6 4 9 12 7 11 3 18 16 1 5 10 15 2 14 8
2 13 14 12 15 1 8 6 4 10 9 16 19 18 3 11 5 7 17
1 18 16 3 8 4 2 13 11 5 7 15 17 9 10 6 19 12 14
15 17 5 8 2 9 12 3 14 6 11 13 16 4 18 1 7 10 19
19 3 16 6 17 11 10 7 15 8 1 9 12 14 5 13 18 4 2
6 12 13 19 1 16 4 15 8 9 18 10 7 2 5 17 14 11 3
13 3 10 19 2 12 16 4 8 5 17 1 6 15 7 11 9 18 14
8 9 2 1 14 19 4 3 17 15 11 13 16 7 10 18 12 5 6
9 4 7 3 19 10 1 11 12 14 8 17 2 6 18 13 16 15 5
16 9 3 19 1 2 12 14 5 18 13 4 8 10 15 6 17 7 11
18 5 6 19 8 2 3 17 11 14 4 12 16 9 13 1 7 10 15
19 8 6 2 14 12 15 1 17 9 18 5 10 4 16 13 3 11 7
11 5 8 12 18 6 7 4 10 9 1 13 17 16 2 14 3 19 15
12 13 3 4 7 5 15 19 11 10 14 18 2 17 9 16 1 6 8
4 1 17 5 11 15 13 16 9 14 12 2 10 6 18 3 7 19 8

10
KSXYZWQ KHQDUDR
JUEV TAMCQGX
ORHQTM EDLENLTX
UZSYATZ PHIHGAG
NKFCDP PPHG
CWXFFSVC RQMFCGZ
USPX LCQUUDYO
ELYEPMZC DTTXQEAUM
LZN JXFFGTOKS
NRTTEHMY YXBNIB
1 10 6 8 7 5 9 3 2 4
3 4 2 10 8 1 5 7 9 6
2 5 8 7 3 4 1 10 9 6
3 5 9 2 8 10 6 7 4 1
8 2 6 9 10 5 3 4 7 1
7 3 10 9 4 6 2 1 5 8
6 8 2 9 1 7 10 3 4 5
4 9 6 2 1 10 5 7 3 8
5 8 6 10 1 4 3 2 7 9
2 5 1 3 8 10 4 9 7 6
3 8 10 6 2 5 4 1 7 9
10 4 6 8 2 1 9 7 3 5
9 5 3 6 7 1 2 4 10 8
3 10 7 2 5 9 6 8 1 4
8 6 2 7 4 5 9 1 10 3
9 8 7 1 2 3 6 10 4 5

4
HMRJDM VQAPFSFU
WRZBRB AGJPTJOMF
GNYEMOAJ KPVD
HZY OAQ
3 1 4 2
3 1 2 4
4 1 2 3
2 1 4 3
2 4 1 3
1 4 3 2
1 3 2 4
1 2 3 4
3 4 2 1
2 4 3 1
2 4 3 1
2 3 1 4
1 4 2 3
1 3 4 2
3 4 2 1
1 2 4 3
1 2 3 4
3 1 4 2
1 3 4 2
3 4 2 1
4 1 3 2
3 1 4 2
1 4 2 3
4 1 3 2
1 2 3 4
1 4 2 3
3 4 2 1
2 3 4 1
1 4 2 3
2 4 3 1
2 3 4 1
2 3 1 4
4 3 1 2
4 3 2 1
4 1 3 2
3 4 2 1
4 3 1 2
4 2 3 1
2 1 4 3
4 1 2 3
1 3 4 2
2 3 1 4
2 1 3 4
3 4 2 1
2 4 1 3
2 1 3 4
2 3 4 1

8
GBGOHGX NGZO
IXXVBON MDMVSCQMB
LVQSJXVHX RIJMMGPP
XGK GFYUL
ZLGGW SOBZXD
CRGUAB DCDNNV
LOUKP ITLRAZZWN
CFK JXUFVIB
7 6 5 8 2 3 1 4
5 3 7 2 6 1 4 8
1 4 6 3 7 2 8 5
7 6 5 2 3 8 4 1
5 7 3 6 4 2 8 1
2 1 5 3 7 6 4 8
3 2 7 1 6 8 4 5
3 7 6 8 4 2 1 5
2 4 7 1 8 3 5 6

11
FVNVRVHW VQC
JDOGU QE
KY AMU
ZLCCKYHOH TGZ
DAUAVBH DG
VHQYPXXQO KTZVDL
CKPZ MPF
GNNW KYAGDK
AP PESPKJJIS
KVITQI CJX
UP MAFW
1 2 11 9 8 4 5 3 6 10 7
9 2 10 6 8 4 5 11 7 1 3
3 8 5 6 4 10 11 9 1 7 2
4 10 3 1 5 11 9 8 2 7 6
4 9 2 3 7 11 10 8 6 5 1
2 9 3 5 1 10 11 8 7 4 6
11 8 9 2 4 10 3 1 5 7 6
7 2 5 9 1 8 11 3 4 6 10
3 1 10 8 6 7 5 4 9 11 2
4 11 6 5 7 3 2 9 10 1 8
3 11 9 10 2 8 6 1 7 5 4
10 4 6 7 1 11 3 2 9 5 8
2 1 10 3 6 7 4 5 8 9 11
5 8 7 3 9 2 11 6 4 1 10
1 4 10 11 2 6 9 7 3 8 5
10 8 5 9 11 1 3 6 7 2 4
7 8 3 11 1 9 10 4 2 5 6
4 1 5 7 6 10 11 2 8 9 3
1 6 10 3 4 2 11 8 7 5 9
9 3 4 5 11 2 1 6 10 7 8
1 3 10 5 8 11 7 6 2 9 4
11 6 5 3 2 4 7 9 1 8 10
8 9 3 11 1 6 7 2 4 5 10
2 5 7 1 6 4 11 9 3 10 8
1 8 5 7 2 11 3 10 9 6 4
2 5 4 3 7 6 8 11 9 1 10
10 2 4 5 8 3 1 11 7 9 6
7 1 11 6 9 10 4 5 3 8 2
1 2 4 7 9 8 5 6 3 10 11
6 1 4 7 5 8 11 9 2 10 3
8 2 5 4 11 3 6 7 1 10 9
10 5 2 11 8 9 7 3 4 6 1
9 8 4 3 1 7 11 2 5 6 10
8 5 2 6 3 7 1 10 11 4 9
4 8 7 11 2 3 10 5 6 9 1
5 10 6 11 8 7 2 4 1 3 9
11 7 4 3 10 1 2 5 9 8 6
9 4 1 5 10 2 8 6 3 11 7
9 4 6 7 5 11 2 8 10 1 3
11 7 3 10 2 4 5 8 6 9 1
10 4 9 3 6 1 8 11 2 5 7
2 7 4 8 1 9 10 6 5 11 3
8 9 5 4 2 3 11 1 7 10 6
3 2 7 5 1 9 6 4 8 10 11
1 7 5 10 11 6 2 4 3 8 9
11 10 6 7 1 5 2 8 3 9 4
1 2 11 6 9 4 7 10 3 8 5
9 3 5 11 1 2 4 10 7 6 8
3 2 11 9 4 10 5 6 8 1 7
2 1 9 6 3 5 10 8 4 7 11
3 9 5 10 1 6 7 4 2 8 11
2 11 4 10 3 9 1 7 5 6 8
5 11 10 9 8 4 7 3 6 1 2
7 5 9 4 3 2 1 6 11 10 8
6 8 2 1 3 5 9 4 11 7 10
11 5 3 9 1 8 7 10 4 6 2
10 8 11 3 5 7 2 1 9 6 4
8 10 9 11 5 4 6 3 7 2 1
2 7 5 4 3 6 9 10 1 8 11
9 1 10 7 4 2 8 3 6 11 5
6 9 7 5 3 11 8 4 10 2 1
8 1 4 6 9 7 2 10 5 3 11

10
XCEHBICK PNQIJ
QNQBQFSVE HUZMV
TJLATWXQT ERDXYD
UEZX OAAVXXMSY
FCMLMAPQL PNQSX
QKV JBESLIKC
QMIUJLPN KF
TAJQFUOYY LW
PUZSXPG DKBUGYP
TBMQSRVMS REMVA
7 5 8 3 1 10 9 2 6 4
4 7 9 2 1 5 3 10 6 8
10 5 2 4 7 9 3 6 8 1
8 2 10 6 4 5 3 1 7 9
10 6 3 5 1 8 4 2 7 9
7 3 2 1 10 6 4 9 5 8
6 7 2 10 5 9 8 3 4 1
5 3 2 1 4 8 6 10 7 9
9 10 7 5 4 1 6 2 8 3
8 2 4 7 3 9 10 6 1 5
8 7 6 2 10 1 5 3 9 4
4 7 10 2 5 9 3 8 1 6
8 5 7 10 2 3 9 6 1 4
4 9 2 5 7 1 8 6 10 3
3 4 8 2 9 10 6 7 1 5
6 2 4 9 10 8 5 3 1 7
4 1 6 3 8 7 10 2 9 5
10 2 5 6 9 3 7 4 8 1
4 8 7 2 6 10 1 3 5 9
8 10 3 9 7 2 4 1 5 6
8 10 4 2 3 7 9 1 5 6
8 3 7 9 6 4 10 5 1 2
6 5 7 2 1 4 3 10 9 8
10 9 1 7 3 4 8 5 2 6
8 10 5 2 6 7 1 4 3 9

15
KSEC CCDBKBQ
ITNRFPYF CKXHPSZ
WS EPG
ERAZAAOQ TR
AUWUFSV NWGTXXAUN
JGUTQWWMX ZBZOU
DFWUYEET HCIM
ACIELUI NVXM
XM DIS
SQ FOPLYU
TKTNMUHA ONECLZOY
ROAPP IWR
CPMEMXQD SJVGQBG
YM UKIRUGZNJ
RP RG
10 8 4 7 3 6 2 1 11 14 15 12 5 13 9
10 11 9 6 13 14 8 12 5 7 2 1 3 15 4
13 9 8 14 12 10 1 7 11 5 6 2 4 3 15
7 12 15 1 11 6 5 8 13 2 3 4 10 14 9
10 15 14 3 4 5 2 7 12 9 1 8 11 13 6
15 5 6 3 10 2 13 7 11 4 8 14 12 9 1
15 3 10 8 5 4 1 6 7 11 9 13 12 14 2
5 11 2 15 9 14 6 4 10 7 13 3 12 8 1
7 8 13 15 5 3 9 2 4 10 6 11 14 1 12
7 5 6 3 12 1 13 11 8 15 4 10 14 9 2
15 11 13 8 9 4 12 3 14 10 5 2 7 6 1
7 15 11 3 9 6 8 14 10 2 13 4 1 5 12
15 11 13 14 8 1 6 4 12 2 5 3 7 9 10
10 14 5 15 9 2 13 1 7 8 6 12 11 4 3
9 13 3 5 15 2 11 12 6 10 14 1 4 7 8
8 6 15 14 2 12 10 7 9 3 5 1 13 11 4
1 6 9 10 12 7 13 4 2 5 11 3 15 14 8
9 15 13 6 7 12 5 2 8 4 11 1 10 3 14
11 4 8 6 7 14 13 15 5 1 9 2 3 12 10
1 2 8 12 15 9 10 4 3 11 5 7 14 6 13
15 9 14 1 7 5 8 3 2 12 13 10 11 4 6
8 12 15 11 10 5 2 3 4 13 1 7 6 9 14
12 3 15 8 9 13 7 14 4 1 10 5 11 6 2
6 5 14 1 4 13 8 3 2 15 7 10 11 9 12
5 15 14 7 9 6 4 10 1 3 11 8 12 13 2
8 1 10 13 15 5 3 6 14 11 9 12 2 7 4
13 5 3 7 4 2 1 12 14 11 9 10 15 8 6
15 4 7 14 1 2 3 13 9 6 10 8 5 12 11
8 5 3 6 7 2 11 10 9 15 14 12 13 1 4
7 10 3 15 1 4 14 6 13 12 5 11 8 9 2
12 7 8 10 1 6 4 15 3 9 14 13 2 5 11
11 10 4 5 6 8 2 13 3 15 1 12 14 9 7
15 2 7 6 4 11 5 8 10 9 3 14 12 13 1
5 6 2 15 1 11 10 3 4 14 9 13 12 7 8
5 4 2 7 13 3 8 10 11 12 6 14 9 15 1
4 8 15 6 7 3 14 10 5 11 9 12 13 1 2
4 7 13 2 12 15 11 1 9 3 14 5 10 8 6
9 12 5 15 11 2 13 3 6 1 7 14 8 4 10
14 9 6 12 13 15 7 1 11 10 8 2 3 4 5
13 3 10 2 1 8 11 5 15 9 14 12 6 4 7
5 13 11 9 3 14 15 4 12 6 10 2 1 7 8
15 2 10 4 8 12 1 14 5 13 6 11 7 9 3
12 8 7 11 15 6 3 13 1 9 2 4 10 14 5
6 4 9 10 3 8 11 15 12 1 14 13 2 5 7
15 13 6 10 8 9 3 2 4 1 5 7 11 12 14
4 3 10 11 7 14 13 2 8 5 1 15 6 9 12
10 7 12 6 8 3 9 14 1 11 2 13 5 4 15
1 2 7 13 10 11 3 9 12 14 8 6 4 5 15
15 1 14 4 12 5 13 3 6 2 8 9 7 10 11
3 4 9 15 7 10 11 8 6 5 2 12 14 13 1
10 9 3 14 5 4 2 7 6 15 12 13 1 11 8
15 8 13 3 9 2 12 14 4 7 11 1 5 6 10
8 7 4 3 6 11 13 1 12 10 5 15 14 2 9
7 15 9 10 13 8 6 4 12 14 11 2 3 5 1
4 7 2 12 8 3 1 11 6 10 15 13 5 9 14
8 9 10 13 4 1 7 14 3 6 5 2 15 11 12
15 9 7 2 14 8 4 13 3 12 5 1 10 6 11
2 10 6 3 12 9 4 11 7 14 13 8 5 1 15
1 14 4 11 5 9 15 6 7 2 8 13 3 10 12
9 2 13 14 15 4 8 12 7 10 3 5 11 1 6
3 13 15 8 7 14 4 5 2 10 6 12 11 1 9
10 9 5 8 14 4 13 1 2 12 7 6 15 11 3
14 11 12 15 4 5 1 13 7 10 3 8 9 2 6
1 6 9 15 7 4 12 8 5 3 14 2 13 11 10
1 6 14 8 15 11 5 7 3 9 2 4 10 13 12
11 8 3 7 2 13 14 15 6 5 12 9 4 1 10
1 7 11 12 6 10 4 14 13 2 3 15 5 9 8
8 3 15 7 5 9 1 11 12 4 2 14 6 13 10
14 9 8 13 11 6 5 15 1 4 7 3 10 2 12
8 3 5 6 1 12 10 7 9 4 13 15 2 14 11
1 5 14 6 15 8 10 13 12 9 3 2 11 4 7
7 4 12 6 3 1 15 5 9 2 10 13 14 11 8
3 14 6 7 13 12 8 1 5 9 4 15 11 2 10
10 6 7 8 15 5 9 11 3 2 14 12 4 13 1
15 2 11 7 13 5 4 12 14 3 10 6 8 9 1
14 3 7 15 11 6 5 8 1 10 9 4 12 13 2
10 4 6 2 11 13 3 8 5 12 15 14 9 1 7
2 15 8 9 12 14 13 3 4 11 7 5 10 1 6
10 14 7 2 13 15 3 8 5 12 1 11 9 4 6
7 13 5 12 15 2 10 3 14 11 8 9 1 4 6
13 7 2 14 1 15 10 3 12 6 4 5 9 11 8
6 14 12 10 4 15 2 13 5 1 7 11 8 3 9
15 11 5 8 14 4 6 1 7 13 2 9 3 12 10
10 11 5 1 14 15 13 8 6 7 12 2 9 4 3
8 9 5 14 4 2 15 11 12 1 10 13 3 6 7
6 3 4 11 5 10 13 14 2 8 9 12 7 1 15
15 6 10 2 13 1 12 14 3 5 4 9 8 7 11
1 6 14 4 13 2 8 15 10 3 12 5 7 11 9
3 10 12 14 4 9 7 2 5 8 13 15 6 11 1

2
UF JDE
RL SYGOZYJA
1 2
2 1
2 1
2 1
1 2
1 2
1 2
2 1
1 2
1 2
1 2
1 2
1 2
2 1
2 1
2 1
1 2
2 1
1 2
2 1
1 2
2 1
1 2
2 1

7
OI KPTWBS
YMD YUDEMQ
LCP KIBOLB
AATTQZ DWCCZ
LZDS SURDCUVOE
PZIQS TG
PFBE BIQ
7 2 6 1 5 3 4
6 7 2 5 1 4 3
5 7 6 1 3 4 2
5 1 2 7 3 4 6
4 5 6 3 1 2 7
6 1 2 7 4 3 5
4 6 7 3 5 2 1
3 2 7 5 4 6 1
6 1 4 5 7 3 2
3 2 1 5 7 6 4
4 2 3 5 6 1 7
1 3 7 6 5 2 4
2 1 4 6 7 5 3
4 2 7 1 3 6 5
4 7 3 2 5 1 6
4 7 5 1 6 3 2
6 2 3 1 4 5 7
7 5 4 6 2 3 1
6 3 7 4 5 1 2
3 1 6 7 2 4 5
2 1 5 4 6 7 3
3 5 7 6 1 2 4
2 6 1 5 4 7 3
2 4 3 5 1 7 6
1 3 4 7 2 6 5
6 4 3 2 5 7 1
3 2 5 4 1 6 7
1 7 5 2 3 4 6
5 1 3 6 7 4 2
5 2 3 7 1 6 4
2 3 5 4 7 1 6
5 4 3 6 1 2 7
7 2 1 4 5 3 6
7 2 5 3 1 6 4
3 5 7 4 6 2 1
2 7 1 3 5 4 6
3 4 1 2 7 6 5
7 6 4 2 5 3 1
1 2 5 3 6 7 4
2 1 6 3 7 5 4
2 5 1 4 7 3 6
2 7 6 4 3 1 5
6 5 1 7 4 2 3
1 6 3 7 5 4 2
2 4 1 7 5 6 3
5 3 6 7 2 1 4
1 2 3 7 5 6 4
2 7 4 1 5 3 6
4 7 5 6 2 1 3
7 5 6 4 2 1 3
1 2 5 3 7 6 4
1 4 5 3 7 2 6
2 5 3 4 6 7 1
7 2 4 1 6 5 3
1 2 3 5 7 4 6
3 1 4 6 5 7 2
2 7 6 1 4 5 3
7 1 2 4 5 3 6
4 7 2 6 1 3 5
4 3 7 2 6 5 1
3 4 2 7 5 6 1
3 1 2 6 5 7 4
2 5 3 7 1 6 4
5 4 6 2 7 3 1
7 2 4 1 5 6 3