16

3
Chineye Emeghara
Daniel Escobedo
Gokula Praveen Elangovan
2 1 3
1 2 3
2 3 1
3 1 2
2 3 1
1 2 3
1 3 2
2 1 3
2 1 3
2 1 3
3 2 1
2 3 1
1 2 3
3 1 2
3 1 2
3 2 1
2 3 1
2 3 1
2 1 3
3 2 1
3 2 1
2 3 1
1 2 3
1 2 3
1 3 2
3 2 1
1 3 2
3 1 2
2 1 3
2 3 1
3 2 1
2 1 3
3 1 2
1 3 2
3 2 1
3 1 2
3 2 1
2 1 3
1 3 2
2 3 1
3 1 2
1 3 2
1 3 2
1 3 2
1 2 3
2 3 1
3 1 2
1 2 3
3 1 2
2 3 1
3 1 2
1 2 3
3 1 2
2 3 1
3 1 2
2 3 1
3 1 2
1 3 2
3 2 1
3 2 1
1 2 3
3 2 1
1 2 3
3 1 2
2 1 3
2 1 3
3 2 1
1 3 2
1 2 3
3 1 2
3 1 2

3
Audrey Chung
Michelle Cheng
Sean Corley
1 2 3
1 3 2
2 3 1
3 2 1
1 3 2
3 1 2
3 1 2
1 3 2
1 3 2
1 3 2
2 1 3
2 3 1
2 3 1
1 2 3
1 2 3
1 3 2
3 1 2
3 1 2
3 1 2
3 1 2
2 1 3
3 2 1
2 1 3
1 2 3
1 3 2
2 3 1
2 1 3
3 1 2
2 3 1
1 3 2
3 2 1
3 2 1
3 1 2
3 2 1
3 2 1
2 3 1
3 2 1
2 3 1
3 2 1
1 3 2
2 3 1
2 1 3
2 1 3
1 3 2
3 1 2
2 3 1
3 2 1
2 1 3
1 3 2
3 1 2
2 3 1
2 3 1
3 1 2
1 2 3
3 2 1
2 1 3
2 3 1
2 1 3
2 3 1
2 3 1
3 1 2
2 3 1
2 3 1
2 3 1
1 2 3
2 3 1
2 3 1
2 1 3
2 3 1
3 2 1
1 3 2
2 1 3
2 3 1
2 3 1
3 1 2
1 2 3
2 1 3
2 3 1
2 1 3
3 2 1
1 2 3
3 2 1
3 2 1
1 2 3
1 3 2
1 3 2
2 3 1
3 2 1
3 1 2
1 2 3
2 1 3
1 3 2
2 3 1
1 2 3
3 1 2
1 3 2
2 1 3
1 2 3
1 3 2
3 1 2

2
Glenn Downing
Randal Donaldson
1 2
1 2
1 2
1 2
1 2
1 2
2 1
2 1
2 1
1 2
2 1
1 2
2 1
1 2
2 1
2 1
2 1
2 1
1 2
2 1
2 1
1 2
2 1
1 2
1 2

2
Daniel Escobedo
Chineye Emeghara
2 1
1 2
1 2
1 2
1 2
1 2
2 1
1 2
2 1
1 2
1 2
1 2
1 2
1 2
1 2
2 1
1 2
1 2
1 2
2 1
2 1
1 2
2 1
1 2
2 1
1 2
2 1
2 1
1 2
1 2
2 1
2 1
1 2
1 2
2 1
2 1
1 2
2 1
2 1
1 2
1 2
2 1
2 1
2 1
2 1
1 2
1 2
1 2
2 1
2 1
1 2
1 2
1 2
1 2
1 2
1 2
2 1
2 1
1 2
1 2
2 1
2 1
2 1
1 2
2 1
1 2
1 2
1 2
1 2
2 1
1 2
1 2
2 1
2 1
1 2
1 2
2 1
1 2
2 1

5
Randal Donaldson
Suhas Dara
Audrey Chung
Sean Corley
Jacqueline Deans
5 2 4 1 3
2 1 4 3 5
1 5 2 4 3
1 3 2 4 5
2 5 1 4 3
4 1 5 2 3
2 4 5 3 1
5 4 3 1 2
4 5 3 2 1
3 4 5 2 1
1 5 4 2 3
3 1 5 2 4
2 3 4 1 5
5 2 1 3 4
4 3 2 1 5
4 1 5 2 3
3 2 5 4 1
1 4 3 5 2
1 3 5 4 2
2 5 4 3 1
3 2 1 4 5
1 3 4 5 2
1 3 5 2 4
4 5 3 1 2
2 3 1 5 4
5 2 1 3 4
1 3 5 2 4
3 2 5 1 4
3 2 1 5 4

10
Glenn Downing
Michelle Cheng
Jacqueline Deans
Margaret Cheng
Miles Chandler
Sean Corley
Suhas Dara
Zachary Bonar
Audrey Chung
Randal Donaldson
6 5 3 4 7 1 9 10 8 2
6 2 3 8 5 4 7 10 9 1
8 10 2 4 9 3 6 1 7 5
4 2 8 1 3 9 6 7 5 10
8 3 9 10 6 2 5 1 4 7
7 3 6 1 10 9 8 5 4 2
9 1 10 3 6 8 5 7 2 4
8 5 3 10 6 2 4 7 9 1
7 10 9 5 8 1 4 2 3 6
10 5 3 9 6 4 2 1 8 7
6 2 10 9 8 1 5 3 4 7
6 5 3 10 9 1 7 2 4 8
7 6 4 8 3 1 10 2 5 9
9 4 2 8 5 6 3 7 1 10
6 8 5 3 10 7 4 9 2 1
2 9 1 7 4 5 3 8 10 6
2 9 8 7 3 6 4 10 5 1
7 5 2 9 6 4 8 10 3 1
4 6 1 2 7 10 8 3 5 9
8 4 10 2 5 1 7 9 6 3
7 6 3 1 9 4 2 8 5 10
4 5 6 2 9 3 8 1 7 10
3 2 4 9 5 8 1 7 10 6
3 6 9 2 8 4 5 7 10 1
2 3 6 8 7 10 4 5 1 9
5 4 1 10 7 8 3 2 9 6
7 3 4 8 5 6 2 1 9 10
9 1 5 7 4 2 10 8 3 6
7 9 1 6 5 10 4 3 8 2
7 6 5 10 4 2 3 9 8 1
4 5 7 8 1 2 10 9 3 6
3 2 10 6 5 4 9 8 1 7
5 9 2 1 3 7 8 6 10 4
7 4 9 8 5 2 3 1 6 10
8 9 7 6 10 4 1 5 3 2
4 2 5 6 3 7 9 1 8 10
2 7 4 3 5 1 6 8 10 9
7 3 6 4 10 8 5 9 2 1
3 2 1 6 8 4 10 5 9 7
6 9 7 1 5 2 8 10 3 4
7 9 2 8 6 4 1 10 3 5
7 2 10 8 4 1 3 6 5 9
2 4 9 1 3 5 10 8 7 6
5 7 9 8 4 10 6 3 1 2
6 7 5 9 4 1 3 8 10 2
6 7 10 2 5 4 8 9 1 3
5 8 2 3 7 1 6 10 9 4
5 4 8 3 2 10 9 6 1 7
2 1 9 10 6 7 3 4 5 8
1 3 8 10 4 5 2 7 6 9
3 9 8 6 7 1 4 2 10 5
4 1 9 2 6 10 8 3 5 7
3 5 9 1 4 8 10 2 6 7
6 8 7 9 3 4 10 2 5 1
1 7 10 5 9 3 2 8 6 4
1 10 2 5 9 7 3 8 6 4
8 10 5 3 4 2 9 1 6 7
9 5 6 7 3 8 2 1 10 4
5 2 4 9 7 1 10 3 6 8
8 6 9 4 7 1 5 2 3 10

2
Chineye Emeghara
Daniel Escobedo
1 2
1 2
2 1
1 2
1 2
1 2
2 1
2 1
2 1
2 1
1 2
1 2
2 1
1 2
1 2
2 1
2 1
2 1
1 2
2 1
1 2
1 2
2 1
2 1
2 1

2
Chineye Emeghara
Daniel Escobedo
1 2
1 2
1 2
1 2
2 1
2 1
1 2
1 2
2 1
1 2
2 1
2 1
2 1
2 1
1 2
1 2
2 1
2 1
1 2
2 1
2 1
1 2
1 2
1 2
2 1
2 1
1 2
2 1
2 1
2 1
2 1
2 1
1 2
1 2
1 2
2 1
1 2
1 2
2 1
1 2
2 1
1 2
1 2
2 1
2 1
1 2
2 1
1 2
1 2
2 1
1 2
1 2
2 1
2 1
2 1
2 1
1 2
2 1
2 1
1 2
1 2
1 2
2 1
2 1
2 1
1 2
2 1
2 1
1 2
2 1
1 2
2 1
2 1
2 1
1 2
1 2
2 1
2 1
2 1
2 1
2 1
2 1
1 2
2 1
2 1
1 2
1 2
2 1
2 1
2 1
2 1
2 1
2 1
1 2
2 1
2 1
1 2

3
Audrey Chung
Suhas Dara
Sean Corley
3 1 2
3 2 1
3 1 2
1 2 3
3 1 2
1 2 3
1 3 2
1 3 2
2 3 1
3 2 1
3 1 2
2 1 3
3 1 2
1 3 2
2 3 1
3 2 1
1 2 3
1 3 2
3 2 1
1 3 2
2 1 3
2 1 3
3 1 2
3 2 1
2 3 1
2 3 1
3 2 1
1 2 3
2 3 1
1 2 3
2 1 3
3 2 1
2 3 1
3 2 1
1 2 3
2 1 3
1 2 3
1 2 3
1 2 3
1 2 3
2 3 1
1 2 3
1 2 3
3 2 1
3 1 2
2 1 3
1 2 3
3 2 1
2 1 3
3 1 2
1 3 2
3 1 2
1 3 2
2 3 1
2 3 1
3 2 1
3 1 2
1 2 3
1 3 2
2 1 3
3 1 2
3 1 2
2 1 3
2 1 3
1 2 3
1 3 2
3 2 1
3 1 2
3 2 1
2 3 1
2 3 1
1 2 3
2 3 1

5
Miles Chandler
Nijat Aydamirov
Zachary Bonar
Margaret Cheng
Corban Beaird
3 1 2 4 5
3 2 4 1 5
4 2 5 1 3
2 4 5 3 1
3 1 5 2 4
5 3 2 1 4
5 2 1 3 4
1 4 2 3 5
2 4 1 5 3
4 3 2 5 1
1 2 4 3 5
5 2 4 1 3
4 3 2 1 5
2 4 5 3 1
4 2 1 3 5
2 1 3 5 4
5 1 3 4 2
4 1 2 5 3
5 1 2 3 4
4 5 2 1 3
5 2 3 1 4
5 4 3 1 2
4 2 3 1 5
4 3 1 2 5
3 2 4 5 1
1 4 3 2 5
2 3 4 1 5
3 2 5 1 4
1 4 5 3 2
5 4 2 1 3
3 5 2 4 1
3 2 1 4 5
5 2 3 1 4
5 4 3 1 2
3 2 4 5 1
3 1 2 5 4
5 2 1 4 3
1 5 3 2 4
5 2 1 4 3
4 3 5 2 1
4 3 2 1 5
1 4 5 3 2
2 5 1 4 3

2
Chineye Emeghara
Daniel Escobedo
1 2
2 1
2 1
2 1
2 1
1 2
2 1
1 2
2 1
1 2
2 1
2 1
2 1
2 1
1 2
2 1
2 1
2 1
1 2
1 2
1 2
1 2
2 1
1 2
1 2
1 2
1 2
2 1

5
Randal Donaldson
Suhas Dara
Gokula Praveen Elangovan
Jacqueline Deans
Glenn Downing
5 1 3 4 2
2 5 1 4 3
3 1 5 4 2
1 5 4 2 3
5 3 1 4 2
4 3 2 1 5
1 5 4 2 3
5 4 1 2 3
5 4 2 3 1
2 4 5 3 1
2 5 3 4 1
4 5 1 2 3
1 5 3 4 2
3 5 2 4 1
3 5 4 2 1
5 2 4 1 3
3 1 4 5 2
2 4 5 1 3
3 2 5 1 4
3 5 4 1 2
1 4 5 2 3
1 2 5 4 3
5 3 2 4 1
2 1 4 5 3
5 3 2 1 4
1 3 5 4 2
5 1 4 2 3
2 1 3 4 5
2 3 4 5 1
3 2 5 1 4
2 3 1 4 5
1 2 3 5 4
4 1 5 3 2
1 3 5 4 2
3 4 5 1 2
1 5 2 3 4
5 1 3 2 4
4 1 5 3 2

3
Chineye Emeghara
Daniel Escobedo
Gokula Praveen Elangovan
2 3 1
3 2 1
1 3 2
1 2 3
3 2 1
3 2 1
2 1 3
2 3 1
2 1 3
2 1 3
2 3 1
3 2 1
2 3 1
3 1 2
2 1 3
2 1 3
2 3 1
3 1 2
3 1 2
3 1 2
3 1 2
1 2 3
2 3 1
2 3 1

3
Glenn Downing
Gokula Praveen Elangovan
Randal Donaldson
2 3 1
1 2 3
2 3 1
1 3 2
3 2 1
3 1 2
3 1 2
2 1 3
1 3 2
3 1 2
2 1 3
2 1 3
1 3 2
3 2 1
3 2 1
3 2 1
2 3 1
2 1 3
2 3 1
3 2 1
3 1 2
1 2 3
3 2 1
1 3 2
3 1 2
1 2 3
3 1 2
3 1 2
2 3 1
3 1 2
2 1 3
1 2 3
1 2 3
2 1 3
3 1 2
3 2 1
1 3 2
1 2 3
3 1 2
1 3 2
1 2 3
1 3 2
2 3 1
2 1 3
2 1 3
2 1 3
3 2 1
3 2 1
3 1 2
2 1 3
1 2 3
1 2 3
1 2 3
3 1 2
3 2 1
3 1 2
2 1 3
1 3 2
3 1 2

3
Audrey Chung
Suhas Dara
Sean Corley
2 3 1
1 3 2
2 3 1
3 1 2
1 2 3
3 2 1
3 1 2
2 1 3
3 2 1
2 3 1
1 3 2
2 1 3
1 3 2
2 3 1
3 2 1
2 3 1
1 2 3
1 3 2
3 2 1
2 1 3
1 3 2
3 1 2
1 2 3
1 2 3
1 2 3
3 2 1
2 3 1
2 1 3
3 2 1
3 1 2
1 3 2
2 3 1
3 1 2
1 3 2
2 3 1
3 2 1
3 1 2
2 1 3
2 1 3
1 2 3
2 1 3
1 2 3
2 1 3
1 3 2
3 1 2
2 1 3
3 2 1
2 1 3
3 1 2
1 2 3
3 1 2
1 2 3
3 2 1
1 2 3
3 2 1
3 2 1
1 2 3
3 2 1
2 3 1
3 1 2
2 1 3
2 3 1
2 3 1
2 1 3
3 2 1
3 1 2
2 3 1
3 1 2
2 1 3
2 1 3
3 1 2
3 2 1
3 1 2
2 3 1
1 2 3
2 3 1
3 1 2
2 1 3
1 3 2
3 1 2
3 1 2
2 1 3
1 2 3
3 2 1
2 1 3
3 1 2
2 1 3
3 1 2
1 2 3
1 3 2
3 2 1
3 2 1
3 1 2
1 2 3
3 2 1
2 3 1
2 1 3
1 3 2
1 3 2
1 2 3

2
Daniel Escobedo
Chineye Emeghara
1 2
1 2
1 2
2 1
2 1
2 1
2 1
1 2
2 1
2 1
2 1
1 2
2 1
2 1
2 1
1 2
2 1
2 1
2 1
1 2
2 1
2 1
1 2
2 1
1 2
2 1
2 1
2 1
1 2
1 2
1 2
2 1
2 1
1 2
2 1
1 2
1 2
1 2
1 2
2 1
1 2
1 2
1 2
2 1
2 1
1 2
2 1
2 1
2 1
2 1