10

3
Harry Potter
Ron Weasley
Hermione Granger
1 2 3
1 1 3
2 3 1
1 2 3
3 1 2

1
Beyonce Knowles
1
1
1
1
1

2
Lily Potter
James Potter
1 2
2 1
2 1
1 2
1 2
2 1
2 1
1 2
1 2
2 1
2 1
1 2
1 2
2 1
2 1
1 2
1 2
2 1
2 1
1 2

4
Tom Riddle
Belatrix Lestrange
Dolores Umbridge
Draco Malfoy
1 2 3 4
2 1 4 3
2 4 3 1
1 2 4 3
3 1 2 4
4 1 2 3
1 2 3 4
2 1 4 3
2 4 3 1
1 2 4 3
3 1 2 4
4 1 2 3
1 2 3 4
2 1 4 3
2 4 3 1
1 2 4 3
3 1 2 4
4 1 2 3
1 2 3 4
2 1 4 3
2 4 3 1
1 2 4 3
3 1 2 4
4 1 2 3
1 2 3 4
2 1 4 3
2 4 3 1
1 2 4 3
3 1 2 4
4 1 2 3
1 2 3 4
2 1 4 3
2 4 3 1
1 2 4 3
3 1 2 4
4 1 2 3
1 2 3 4
2 1 4 3
2 4 3 1
1 2 4 3
3 1 2 4
4 1 2 3
1 2 3 4
2 1 4 3
2 4 3 1
1 2 4 3
3 1 2 4
4 1 2 3
1 2 3 4
2 1 4 3
2 4 3 1
1 2 4 3
3 1 2 4
4 1 2 3
1 2 3 4
2 1 4 3
2 4 3 1
1 2 4 3
3 1 2 4
4 1 2 3
1 2 3 4
2 1 4 3
2 4 3 1
1 2 4 3
3 1 2 4
4 1 2 3
1 2 3 4
2 1 4 3
2 4 3 1
1 2 4 3
3 1 2 4
4 1 2 3
1 2 3 4
2 1 4 3
2 4 3 1
1 2 4 3
3 1 2 4
4 1 2 3
1 2 3 4
2 1 4 3
2 4 3 1
1 2 4 3
3 1 2 4
4 1 2 3
1 2 3 4
2 1 4 3
2 4 3 1
1 2 4 3
3 1 2 4
4 1 2 3
1 2 3 4
2 1 4 3
2 4 3 1
1 2 4 3
3 1 2 4
4 1 2 3
1 2 3 4
2 1 4 3
2 4 3 1
1 2 4 3
3 1 2 4
4 1 2 3
1 2 3 4
2 1 4 3
2 4 3 1
1 2 4 3
3 1 2 4
4 1 2 3
1 2 3 4
2 1 4 3
2 4 3 1
1 2 4 3
3 1 2 4
4 1 2 3
1 2 3 4
2 1 4 3
2 4 3 1
1 2 4 3
3 1 2 4
4 1 2 3
1 2 3 4
2 1 4 3
2 4 3 1
1 2 4 3
3 1 2 4
4 1 2 3
1 2 3 4
2 1 4 3
2 4 3 1
1 2 4 3
3 1 2 4
4 1 2 3
1 2 3 4
2 1 4 3
2 4 3 1
1 2 4 3
3 1 2 4
4 1 2 3
1 2 3 4
2 1 4 3
2 4 3 1
1 2 4 3
3 1 2 4
4 1 2 3
1 2 3 4
2 1 4 3
2 4 3 1
1 2 4 3
3 1 2 4
4 1 2 3
1 2 3 4
2 1 4 3
2 4 3 1
1 2 4 3
3 1 2 4
4 1 2 3
1 2 3 4
2 1 4 3
2 4 3 1
1 2 4 3
3 1 2 4
4 1 2 3
1 2 3 4
2 1 4 3
2 4 3 1
1 2 4 3
3 1 2 4
4 1 2 3
1 2 3 4
2 1 4 3
2 4 3 1
1 2 4 3
3 1 2 4
4 1 2 3
1 2 3 4
2 1 4 3
2 4 3 1
1 2 4 3
3 1 2 4
4 1 2 3
1 2 3 4
2 1 4 3
2 4 3 1
1 2 4 3
3 1 2 4
4 1 2 3
1 2 3 4
2 1 4 3
2 4 3 1
1 2 4 3
3 1 2 4
4 1 2 3
1 2 3 4
2 1 4 3
2 4 3 1
1 2 4 3
3 1 2 4
4 1 2 3
1 2 3 4
2 1 4 3
2 4 3 1
1 2 4 3
3 1 2 4
4 1 2 3
1 2 3 4
2 1 4 3
2 4 3 1
1 2 4 3
3 1 2 4
4 1 2 3
1 2 3 4
2 1 4 3
2 4 3 1
1 2 4 3
3 1 2 4
4 1 2 3
1 2 3 4
2 1 4 3
2 4 3 1
1 2 4 3
3 1 2 4
4 1 2 3
1 2 3 4
2 1 4 3
2 4 3 1
1 2 4 3
3 1 2 4
4 1 2 3
1 2 3 4
2 1 4 3
2 4 3 1
1 2 4 3
3 1 2 4
4 1 2 3
1 2 3 4
2 1 4 3
2 4 3 1
1 2 4 3
3 1 2 4
4 1 2 3
1 2 3 4
2 1 4 3
2 4 3 1
1 2 4 3
3 1 2 4
4 1 2 3
1 2 3 4
2 1 4 3
2 4 3 1
1 2 4 3
3 1 2 4
4 1 2 3
1 2 3 4
2 1 4 3
2 4 3 1
1 2 4 3
3 1 2 4
4 1 2 3
1 2 3 4
2 1 4 3
2 4 3 1
1 2 4 3
3 1 2 4
4 1 2 3
1 2 3 4
2 1 4 3
2 4 3 1
1 2 4 3
3 1 2 4
4 1 2 3
1 2 3 4
2 1 4 3
2 4 3 1
1 2 4 3
3 1 2 4
4 1 2 3
1 2 3 4
2 1 4 3
2 4 3 1
1 2 4 3
3 1 2 4
4 1 2 3
1 2 3 4
2 1 4 3
2 4 3 1
1 2 4 3
3 1 2 4
4 1 2 3
1 2 3 4
2 1 4 3
2 4 3 1
1 2 4 3
3 1 2 4
4 1 2 3
1 2 3 4
2 1 4 3
2 4 3 1
1 2 4 3
3 1 2 4
4 1 2 3
1 2 3 4
2 1 4 3
2 4 3 1
1 2 4 3
3 1 2 4
4 1 2 3
1 2 3 4
2 1 4 3
2 4 3 1
1 2 4 3
3 1 2 4
4 1 2 3
1 2 3 4
2 1 4 3
2 4 3 1
1 2 4 3
3 1 2 4
4 1 2 3
1 2 3 4
2 1 4 3
2 4 3 1
1 2 4 3
3 1 2 4
4 1 2 3
1 2 3 4
2 1 4 3
2 4 3 1
1 2 4 3
3 1 2 4
4 1 2 3
1 2 3 4
2 1 4 3
2 4 3 1
1 2 4 3
3 1 2 4
4 1 2 3

20
Person 1
Person 2
Person 3
Person 4
Person 5
Person 6
Person 7
Person 8
Person 9
Person 10
Person 11
Person 12
Person 13
Person 14
Person 15
Person 16
Person 17
Person 18
Person 19
Person 20
1 2 3 4 5 6 7 8 9 10 11 12 13 14 15 16 17 18 19 20

4
Luna Lovegood
Ginny Weasley
Parvati Patel
Hermione Granger
4 2 3 1
2 1 3 4
2 3 1 4
2 3 4 1
4 2 3 1
4 1 2 3
3 1 2 4
3 4 2 1
1 3 4 2
1 2 3 4
1 4 3 2

4
Sirius Black
James Potter
Severus Snape
Remus Lupin
1 2 3 4
2 1 3 4
2 3 1 4
2 4 1 3
1 2 3 4
1 3 4 2
4 1 2 3
4 1 2 3
3 1 2 4

3
Harry Potter
Hermione Granger
Ron Weasley
1 2 3
2 1 3
2 3 1
1 2 3
3 1 2
3 1 2

3
Albus Dumbledore
Minerva Mcgonagall
Rubeus Hagrid
1 2 3
3 1 2
2 3 1
3 2 1
3 1 2
1 2 3
3 1 2
2 3 1
3 2 1
3 1 2

3
Draco Malfoy
Vincent Crabbe
Gregory Goyle
1 2 3
1 2 3
1 3 2
1 2 3
1 3 2
1 2 3
1 2 3
1 3 2
1 2 3
1 3 2
1 2 3
1 2 3
1 3 2
1 2 3
1 3 2
2 3 1
3 2 1
2 3 1
3 2 1
2 3 1
3 2 1
2 3 1
3 2 1
2 3 1
3 2 1
2 3 1
3 2 1
2 3 1
3 2 1
2 3 1
3 2 1
2 3 1
3 2 1
2 3 1
3 2 1