14

1
John Lennon
1
1
1
1
1

3
Doug Hanna
Jeromy Lin
Royce David
3 2 1
3 2 1
1 2 3
2 3 1
1 2 3
2 1 3
1 2 3
1 3 2
1 2 3
2 1 3
2 3 1

4
Christi Lutz
Lilly Kent
Agustin Grant
Eleanor Ingram
4 2 1 3
2 4 1 3
1 3 2 4
4 2 3 1
4 1 3 2
3 4 2 1
2 4 3 1
3 4 1 2
1 2 3 4
2 1 3 4
1 4 3 2
3 1 2 4
2 1 4 3
1 2 4 3
3 2 1 4
4 3 2 1
3 1 4 2
1 4 2 3
4 1 2 3

5
Farid Babayev
Ferid Abbasov
Eldar Hasanov
Ruslan Ismayilov
Yusif Hajiyev
2 1 3 4 5
2 4 5 1 3
3 4 5 1 2
3 1 2 4 5
5 2 4 1 3
4 2 5 1 3
1 5 2 3 4
5 4 3 1 2
2 5 4 1 3
4 3 5 1 2
5 3 4 1 2
4 5 3 1 2
1 3 2 4 5
2 3 1 4 5
5 1 4 3 2
4 1 5 3 2
5 1 2 3 4
5 4 1 3 2
2 5 1 3 4
5 2 1 3 4

6
Valentin Stewart
Shirley Galloway
Hugo Mccarthy
Audra Franklin
Jess Flowers
Domingo Black
3 1 2 4 5 6
5 4 3 2 6 1
4 5 1 2 6 3
2 5 1 4 6 3
5 2 1 4 6 3
3 4 5 2 6 1
6 2 5 3 1 4
1 3 2 4 5 6
2 6 5 4 1 3
6 2 5 4 1 3
6 2 3 5 1 4
1 2 5 4 6 3
2 1 5 4 6 3
1 5 2 4 6 3
6 5 2 4 1 3
6 2 5 3 1 4
1 3 2 4 5 6
5 1 2 4 6 3
3 4 5 2 6 1
6 2 3 5 1 4
5 6 2 4 1 3
2 6 3 5 1 4
4 3 5 2 6 1
2 6 5 3 1 4
5 3 4 2 6 1

7
Rosamond Holmes
Allaya Tickner
Alayna Sylvester
Tammie Gough
Velvet Fowler
Wynona Paul
Perry Reynolds
6 4 7 2 5 3 1
4 6 7 2 5 3 1
6 3 1 2 5 7 4
2 7 6 4 5 1 3
4 7 6 2 5 3 1
3 1 6 2 5 7 4
7 2 6 4 5 3 1
2 6 1 3 5 7 4
7 6 2 4 5 1 3
1 6 3 2 5 7 4
3 6 1 2 5 7 4
6 2 1 3 5 7 4
6 7 2 4 5 1 3
7 6 4 2 5 3 1
6 7 4 2 5 3 1
3 6 4 1 5 7 2
6 3 4 1 5 7 2
3 4 6 1 5 7 2
7 2 6 4 5 1 3
4 2 6 7 5 1 3
1 3 6 4 5 7 2
4 3 6 1 5 7 2
6 4 3 1 5 7 2
4 6 3 1 5 7 2
6 1 3 2 5 7 4
7 4 6 2 5 3 1
1 3 6 2 5 7 4
5 3 4 1 6 7 2
3 5 4 1 6 7 2
2 4 6 7 5 1 3
6 4 2 7 5 1 3

10
George Bush
Barrack Obama
Michel Obama
Al Gore
Donald Trump
Bill Clinton
Ronald Reagen
Jimmy Carter
John Kennedy
Harry Truman
7 10 3 6 8 9 1 4 5 2
6 9 4 3 10 1 2 8 5 7
7 5 6 2 8 3 1 4 9 10
10 8 1 5 7 2 9 3 4 6
5 6 3 10 4 8 9 7 1 2
5 8 1 7 6 2 3 4 9 10
3 6 9 4 2 5 8 1 7 10
8 7 6 3 1 5 2 10 4 9
5 6 7 4 8 2 9 10 3 1
3 5 10 6 9 2 4 7 1 8
2 5 8 9 7 10 6 1 4 3
1 3 10 9 2 8 4 5 6 7
6 8 7 10 3 1 5 2 4 9
9 10 6 3 1 8 4 7 5 2
6 5 7 3 2 9 8 1 4 10
4 10 3 2 7 6 8 5 9 1
6 7 9 5 4 2 1 3 8 10
5 4 10 9 7 6 3 2 8 1
4 9 6 3 10 7 1 5 2 8
10 6 9 4 2 3 1 8 7 5
5 9 7 2 8 1 4 10 3 6
10 1 7 4 5 9 2 8 3 6
8 5 1 2 7 3 6 10 4 9
2 9 5 4 8 7 1 10 6 3
3 9 4 10 5 6 1 7 2 8
9 3 7 6 1 8 2 5 10 4
5 2 7 8 10 9 3 6 4 1
4 3 2 8 10 7 5 1 6 9
6 7 3 1 8 10 9 5 4 2
8 10 1 3 4 5 6 7 9 2

14
Sergio Ramos
Laurent Blanc
Jaap Stam
Patice Evra
Luke Shaw
Marcel Desailly
Lilian Thuram
Chris Smalling
Mikael Silvestre
Paolo Maldini
Alessandro Nesta
Javier Zanetti
Nemanja Vidic
Rio Ferdinand
10 6 9 14 2 11 4 3 13 8 5 12 7 1
10 9 2 4 5 1 3 7 12 8 6 13 14 11
3 6 2 1 5 7 8 9 11 12 4 14 10 13
4 8 9 1 2 3 12 7 13 11 6 5 14 10
7 14 8 10 2 11 12 1 6 4 5 13 3 9
10 12 6 3 1 4 14 7 2 13 8 9 11 5
2 10 12 14 8 1 5 9 7 3 11 4 6 13
4 3 7 5 11 2 12 10 13 1 8 6 14 9
12 14 6 10 1 13 3 7 11 5 4 2 9 8
10 7 13 8 9 14 12 11 3 2 5 4 6 1
9 7 6 14 5 12 1 13 10 4 2 8 3 11
12 8 10 3 7 5 9 6 4 1 2 13 14 11
11 3 5 7 9 10 12 13 2 6 4 14 1 8
14 3 1 2 9 10 11 13 4 6 5 12 8 7
12 11 1 5 8 6 13 2 9 10 7 14 3 4
10 1 7 2 13 3 6 4 5 9 12 11 14 8
4 9 13 14 1 10 8 7 3 2 11 12 6 5
7 3 14 9 6 12 10 1 11 13 2 8 5 4
4 13 10 8 3 1 7 5 9 2 14 12 6 11
5 3 2 9 8 6 4 13 7 10 11 14 1 12
11 6 9 1 12 3 13 2 4 10 14 8 5 7
5 10 7 3 11 6 1 8 12 14 13 9 4 2
3 2 11 13 14 1 12 6 9 7 5 10 8 4
8 6 9 4 5 10 3 2 11 7 13 12 1 14
5 7 3 1 9 8 14 4 2 12 10 6 13 11
13 5 12 7 1 2 11 3 10 4 9 8 6 14
8 3 10 1 14 2 7 13 12 9 5 11 4 6
11 5 10 8 6 7 4 1 2 14 12 3 9 13
10 13 1 3 2 11 6 12 9 14 5 7 4 8
10 13 1 3 2 11 6 12 9 14 5 7 4 8

10
Reiner The
Roger Fortuna
Vladimir Lecarde
Rush Bulq
Peter Akashiya
Christopher Rebo
Jasper Helgarson
Caroline Mayer
Bailey Norton
Vanessa Gay
2 5 4 6 8 10 9 1 3 7
1 6 10 8 9 7 3 5 4 2
7 10 3 2 4 6 8 5 9 1
10 5 2 4 9 6 3 1 8 7
3 8 1 2 5 9 4 7 6 10
4 3 9 2 5 8 6 10 1 7
9 7 4 10 3 6 2 5 8 1
1 2 9 4 8 10 7 5 3 6
8 6 7 1 2 3 9 5 4 10
5 10 9 1 3 4 7 2 6 8
3 6 7 9 10 1 2 8 4 5
5 1 7 10 9 6 4 2 3 8
10 1 7 4 5 9 2 8 3 6
8 5 1 2 7 3 6 10 4 9
2 9 5 4 8 7 1 10 6 3
3 9 4 10 5 6 1 7 2 8
9 3 7 6 1 8 2 5 10 4
5 2 7 8 10 9 3 6 4 1
10 8 3 2 7 1 5 9 4 6
7 2 6 1 10 3 8 9 5 4

12
Tory Porter
Leland Valdez
Ivan Jenkins
Albert Cherry
Nanette Robbins
Walter Harding
Luz Lewis
Elma Wyatt
Johnathon Bass
Saundra Beck
Robbie Velez
2 3 1 6 11 7 5 9 8 10 4 12
1 7 9 8 6 10 4 5 3 11 2 12
10 4 6 5 8 2 11 1 12 7 9 3
10 4 3 12 8 9 5 1 2 6 7 11
12 4 5 3 2 10 7 11 9 6 1 8
11 10 4 8 12 1 3 6 5 9 2 7
3 2 11 7 5 12 1 4 10 6 8 9
3 10 12 5 1 8 4 9 7 11 2 6
8 4 9 1 11 5 12 3 6 10 7 2
5 2 6 10 1 4 3 8 11 9 12 7
5 1 6 2 12 9 11 10 4 3 8 7
5 1 8 2 3 4 11 12 7 6 9 10
4 3 2 6 7 11 9 1 5 8 10 12
2 12 11 9 4 5 1 6 10 3 8 7
12 8 9 11 10 4 3 2 6 1 7 5
10 8 11 2 3 12 1 6 5 9 7 4
11 6 1 8 2 9 12 7 4 10 5 3
10 5 6 11 8 7 2 4 12 9 3 1
4 3 11 7 1 12 10 9 5 8 2 6
10 3 5 1 9 2 7 11 6 4 8 12
6 5 9 11 8 3 12 2 7 10 4 1
9 11 5 4 2 12 7 1 3 8 10 6
11 10 7 8 6 5 4 2 12 3 9 1
3 2 7 12 11 9 8 10 1 6 4 5
1 3 11 10 2 4 12 5 9 6 7 8
2 1 11 5 9 7 8 12 4 6 10 3

8
Aaron Fisher
Nelson Hudson
Marisol Rosales
Judith Gilbert
Jeremy Berry
Janell Paul
Kenneth Ramos
Joey Rowland
2 3 1 6 7 5 8 4
1 7 8 6 4 5 3 2
4 6 5 8 2 1 7 3
4 3 8 5 1 2 6 7
4 5 3 2 7 6 1 8
4 8 1 3 6 5 2 7
3 2 7 5 1 4 6 8
3 5 1 8 4 7 2 6
8 4 1 5 3 6 7 2
5 2 6 1 4 3 8 7
5 1 6 2 4 3 8 7
5 1 8 2 3 4 7 6
4 3 2 6 7 1 5 8
2 4 5 1 6 3 8 7
8 4 3 2 6 1 7 5
8 2 3 1 6 4 7 5
6 1 8 2 7 4 5 3
5 6 8 7 2 4 3 1
4 3 7 1 5 8 2 6
3 5 1 2 7 6 4 8
6 5 8 3 2 7 4 1
5 4 2 7 1 3 8 6
7 8 6 5 4 2 3 1
3 2 7 8 1 6 4 5
1 3 2 4 5 6 7 8
2 1 5 7 8 4 6 3

9
Miles Mcconnell
Esteban Chambers
Keri Kelley
Shawn Hensley
Natalie Howell
Emmanuel Morrison
Wanda Cameron
Blanca Vincent
Concetta Grant
2 3 1 6 7 5 9 8 4
1 7 9 8 6 4 5 3 2
4 6 5 8 2 1 7 9 3
4 3 8 9 5 1 2 6 7
4 5 3 2 7 9 6 1 8
4 8 1 3 6 5 9 2 7
3 2 7 5 1 4 6 8 9
2 3 1 6 7 5 9 8 4
1 7 9 8 6 4 5 3 2
4 6 5 8 2 1 7 9 3
4 3 8 9 5 1 2 6 7
4 5 3 2 7 9 6 1 8
4 8 1 3 6 5 9 2 7
3 2 7 5 1 4 6 8 9
3 5 1 8 4 9 7 2 6
8 4 9 1 5 3 6 7 2
5 2 6 1 4 3 8 9 7
5 1 6 2 9 4 3 8 7
5 1 8 2 3 4 7 6 9
4 3 2 6 7 9 1 5 8
3 5 1 8 4 9 7 2 6
8 4 9 1 5 3 6 7 2
5 2 6 1 4 3 8 9 7
5 1 6 2 9 4 3 8 7
5 1 8 2 3 4 7 6 9
4 3 2 6 7 9 1 5 8
2 9 4 5 1 6 3 8 7
8 9 4 3 2 6 1 7 5
8 2 3 1 6 5 9 7 4
6 1 8 2 9 7 4 5 3
5 6 8 7 2 4 9 3 1
4 3 7 1 9 5 8 2 6
3 5 1 9 2 7 6 4 8
6 5 9 8 3 2 7 4 1
9 5 4 2 7 1 3 8 6
7 8 6 5 4 2 3 9 1
3 2 7 9 8 1 6 4 5
1 3 2 4 5 9 6 7 8
2 1 5 9 7 8 4 6 3

19
Theodore Caldwell
Ike Sosa
Rhett Guerrero
Roberto Johnston
Alvaro Robles
odi Maddox
Anthony Cardenas
Dannie Briggs
Brett Fernandez
Olin Cox
Alissa Roman
Nigel Dawson
Bertha Mcbride
Kip Wilcox
Burton Glenn
James Ponce
Damon Frederick
Weldon Arias
Theo Hull
7 13 10 15 6 17 18 19 2 3 5 1 8 14 12 4 16 9 11
12 4 10 14 5 13 18 7 15 3 19 2 8 6 9 11 1 16 17
9 2 4 15 6 19 17 10 8 11 14 3 13 5 18 1 12 16 7
4 6 3 19 8 9 7 16 17 11 1 2 14 18 15 10 12 5 13
8 16 5 13 7 15 4 1 10 3 11 12 9 2 18 19 6 14 17
11 2 3 9 8 13 10 15 18 16 17 5 14 12 6 7 1 19 4
19 3 11 5 10 4 2 9 12 1 14 6 8 16 7 17 15 13 18
1 17 5 7 2 9 16 11 15 6 19 8 14 10 18 13 4 3 12
5 6 19 9 2 14 4 17 11 8 18 15 13 10 1 3 7 16 12
9 2 4 15 6 19 17 10 8 11 14 3 13 5 18 1 12 16 7
8 1 15 16 11 2 19 13 9 3 6 4 7 5 14 18 10 12 17
4 6 3 19 8 9 7 16 17 11 1 2 14 18 15 10 12 5 13
8 16 5 13 7 15 4 1 10 3 11 12 9 2 18 19 6 14 17
11 2 3 9 8 13 10 15 18 16 17 5 14 12 6 7 1 19 4
19 3 11 5 10 4 2 9 12 1 14 6 8 16 7 17 15 13 18
9 2 4 15 6 19 17 10 8 11 14 3 13 5 18 1 12 16 7
7 13 10 15 6 17 18 19 2 3 5 1 8 14 12 4 16 9 11
12 4 10 14 5 13 18 7 15 3 19 2 8 6 9 11 1 16 17
9 2 4 15 6 19 17 10 8 11 14 3 13 5 18 1 12 16 7
4 6 3 19 8 9 7 16 17 11 1 2 14 18 15 10 12 5 13
8 16 5 13 7 15 4 1 10 3 11 12 9 2 18 19 6 14 17
11 2 3 9 8 13 10 15 18 16 17 5 14 12 6 7 1 19 4
19 3 11 5 10 4 2 9 12 1 14 6 8 16 7 17 15 13 18
1 17 5 7 2 9 16 11 15 6 19 8 14 10 18 13 4 3 12
5 6 19 9 2 14 4 17 11 8 18 15 13 10 1 3 7 16 12
9 2 4 15 6 19 17 10 8 11 14 3 13 5 18 1 12 16 7
8 1 15 16 11 2 19 13 9 3 6 4 7 5 14 18 10 12 17
4 6 3 19 8 9 7 16 17 11 1 2 14 18 15 10 12 5 13
8 16 5 13 7 15 4 1 10 3 11 12 9 2 18 19 6 14 17
11 2 3 9 8 13 10 15 18 16 17 5 14 12 6 7 1 19 4
19 3 11 5 10 4 2 9 12 1 14 6 8 16 7 17 15 13 18
9 2 4 15 6 19 17 10 8 11 14 3 13 5 18 1 12 16 7
7 13 10 15 6 17 18 19 2 3 5 1 8 14 12 4 16 9 11
12 4 10 14 5 13 18 7 15 3 19 2 8 6 9 11 1 16 17
9 2 4 15 6 19 17 10 8 11 14 3 13 5 18 1 12 16 7
4 6 3 19 8 9 7 16 17 11 1 2 14 18 15 10 12 5 13
8 16 5 13 7 15 4 1 10 3 11 12 9 2 18 19 6 14 17
11 2 3 9 8 13 10 15 18 16 17 5 14 12 6 7 1 19 4
19 3 11 5 10 4 2 9 12 1 14 6 8 16 7 17 15 13 18
1 17 5 7 2 9 16 11 15 6 19 8 14 10 18 13 4 3 12
5 6 19 9 2 14 4 17 11 8 18 15 13 10 1 3 7 16 12
9 2 4 15 6 19 17 10 8 11 14 3 13 5 18 1 12 16 7
8 1 15 16 11 2 19 13 9 3 6 4 7 5 14 18 10 12 17
4 6 3 19 8 9 7 16 17 11 1 2 14 18 15 10 12 5 13
8 16 5 13 7 15 4 1 10 3 11 12 9 2 18 19 6 14 17
11 2 3 9 8 13 10 15 18 16 17 5 14 12 6 7 1 19 4
19 3 11 5 10 4 2 9 12 1 14 6 8 16 7 17 15 13 18
9 2 4 15 6 19 17 10 8 11 14 3 13 5 18 1 12 16 7
7 13 10 15 6 17 18 19 2 3 5 1 8 14 12 4 16 9 11
12 4 10 14 5 13 18 7 15 3 19 2 8 6 9 11 1 16 17
9 2 4 15 6 19 17 10 8 11 14 3 13 5 18 1 12 16 7
4 6 3 19 8 9 7 16 17 11 1 2 14 18 15 10 12 5 13
8 16 5 13 7 15 4 1 10 3 11 12 9 2 18 19 6 14 17
11 2 3 9 8 13 10 15 18 16 17 5 14 12 6 7 1 19 4
19 3 11 5 10 4 2 9 12 1 14 6 8 16 7 17 15 13 18
1 17 5 7 2 9 16 11 15 6 19 8 14 10 18 13 4 3 12
5 6 19 9 2 14 4 17 11 8 18 15 13 10 1 3 7 16 12

15
Branden Davila
Odessa Gardner
Otis Salinas
Wm Ali
Raul Mason
Estela Scott
Manuela Shaw
Cyril Gilmore
Mable Duran
Rick Estes
Cathryn Brennan
Corrine Peterson
Reynaldo Patel
Mamie Wiley
Dean Bartlett
2 4 15 6 10 8 11 14 3 13 5 1 9 12 7
8 1 15 11 2 13 9 3 6 4 7 5 14 10 12
4 6 3 8 9 7 11 1 2 14 15 10 12 5 13
8 5 13 7 15 4 1 10 3 11 12 9 2 6 14
11 2 3 9 8 13 10 15 5 14 12 6 7 1 4
3 11 5 10 4 2 9 12 1 14 6 8 7 15 13
9 2 4 15 6 10 8 11 14 3 13 5 1 12 7
7 13 10 15 6 2 3 5 1 8 14 12 4 9 11
12 4 10 14 5 13 7 15 3 2 8 6 9 11 1
9 2 4 15 6 10 8 11 14 3 13 5 1 12 7
4 6 3 8 9 7 11 1 2 14 15 10 12 5 13
8 5 13 7 15 4 1 10 3 11 12 9 2 6 14
11 2 3 9 8 13 10 15 5 14 12 6 7 1 4
3 11 5 10 4 2 9 12 1 14 6 8 7 15 13
1 5 7 2 9 11 15 6 8 14 10 13 4 3 12
5 6 9 2 14 4 11 8 15 13 10 1 3 7 12
9 2 4 15 6 10 8 11 14 3 13 5 1 12 7
8 1 15 11 2 13 9 3 6 4 7 5 14 10 12
4 6 3 8 9 7 11 1 2 14 15 10 12 5 13
8 5 13 7 15 4 1 10 3 11 12 9 2 6 14
11 2 3 9 8 13 10 15 5 14 12 6 7 1 4
3 11 5 10 4 2 9 12 1 14 6 8 7 15 13
9 2 4 15 6 10 8 11 14 3 13 5 1 12 7
7 13 10 15 6 2 3 5 1 8 14 12 4 9 11
12 4 10 14 5 13 7 15 3 2 8 6 9 11 1
9 2 4 15 6 10 8 11 14 3 13 5 1 12 7
4 6 3 8 9 7 11 1 2 14 15 10 12 5 13
8 5 13 7 15 4 1 10 3 11 12 9 2 6 14
11 2 3 9 8 13 10 15 5 14 12 6 7 1 4
3 11 5 10 4 2 9 12 1 14 6 8 7 15 13
1 5 7 2 9 11 15 6 8 14 10 13 4 3 12
5 6 9 2 14 4 11 8 15 13 10 1 3 7 12
9 2 4 15 6 10 8 11 14 3 13 5 1 12 7
8 1 15 11 2 13 9 3 6 4 7 5 14 10 12
4 6 3 8 9 7 11 1 2 14 15 10 12 5 13
8 5 13 7 15 4 1 10 3 11 12 9 2 6 14
11 2 3 9 8 13 10 15 5 14 12 6 7 1 4
3 11 5 10 4 2 9 12 1 14 6 8 7 15 13
9 2 4 15 6 10 8 11 14 3 13 5 1 12 7
7 13 10 15 6 2 3 5 1 8 14 12 4 9 11
12 4 10 14 5 13 7 15 3 2 8 6 9 11 1
9 2 4 15 6 10 8 11 14 3 13 5 1 12 7
4 6 3 8 9 7 11 1 2 14 15 10 12 5 13
8 5 13 7 15 4 1 10 3 11 12 9 2 6 14
11 2 3 9 8 13 10 15 5 14 12 6 7 1 4
3 11 5 10 4 2 9 12 1 14 6 8 7 15 13
1 5 7 2 9 11 15 6 8 14 10 13 4 3 12
5 6 9 2 14 4 11 8 15 13 10 1 3 7 12