11

3
John Doe
Jane Smith
Sirhan Sirhan
1 2 3
2 1 3
2 3 1
1 2 3
3 1 2

4
Bernie
Biden
Trump
Warren
1 3 4 2
2 4 3 1
1 2 3 4
4 3 2 1
2 4 1 3
1 3 2 4
4 2 3 1
2 3 4 1
3 2 4 1
4 1 3 2
1 4 2 3
4 1 3 2
1 4 2 3
3 2 4 1
4 3 2 1
1 2 3 4
3 4 2 1
2 1 3 4

5
Castro
Beto
Harris
Booker
Betigige
1 2 3 4 5
1 2 3 5 4
1 2 4 3 5
1 2 4 5 3
1 2 5 4 3
1 2 5 3 4
1 3 2 4 5
1 3 2 5 4
1 3 4 2 5
1 3 4 5 2
1 3 5 4 2
1 3 5 2 4
1 4 3 2 5
1 4 3 5 2
1 4 2 3 5
1 4 2 5 3
1 4 5 2 3
1 4 5 3 2
1 5 3 4 2
1 5 3 2 4
1 5 4 3 2
1 5 4 2 3
1 5 2 4 3
1 5 2 3 4
2 1 3 4 5
2 1 3 5 4
2 1 4 3 5
2 1 4 5 3
2 1 5 4 3
2 1 5 3 4
2 3 1 4 5
2 3 1 5 4
2 3 4 1 5
2 3 4 5 1
2 3 5 4 1
2 3 5 1 4
2 4 3 1 5
2 4 3 5 1
2 4 1 3 5
2 4 1 5 3
2 4 5 1 3
2 4 5 3 1
2 5 3 4 1
2 5 3 1 4
2 5 4 3 1
2 5 4 1 3
2 5 1 4 3
2 5 1 3 4
3 2 1 4 5
3 2 1 5 4
3 2 4 1 5
3 2 4 5 1
3 2 5 4 1
3 2 5 1 4
3 1 2 4 5
3 1 2 5 4
3 1 4 2 5
3 1 4 5 2
3 1 5 4 2
3 1 5 2 4
3 4 1 2 5
3 4 1 5 2
3 4 2 1 5
3 4 2 5 1
3 4 5 2 1
3 4 5 1 2
3 5 1 4 2
3 5 1 2 4
3 5 4 1 2
3 5 4 2 1
3 5 2 4 1
3 5 2 1 4
4 2 3 1 5
4 2 3 5 1
4 2 1 3 5
4 2 1 5 3
4 2 5 1 3
4 2 5 3 1
4 3 2 1 5
4 3 2 5 1
5 1 3 4 2
5 1 3 2 4
5 1 4 3 2
5 1 4 2 3
5 1 2 4 3
5 1 2 3 4

6
Joe
Curly
Moe
Bob
Larry
Steve
3 1 4 2 6 5
1 5 6 2 3 4
5 1 3 4 2 6
3 4 2 1 5 6
6 3 2 5 4 1
2 6 4 1 5 3
1 6 5 2 4 3
3 6 2 5 4 1
4 2 3 6 1 5
6 1 3 2 4 5
6 1 5 2 3 4
1 6 4 2 5 3
1 6 2 4 5 3
1 6 5 2 4 3
5 2 6 1 3 4
4 1 5 3 6 2
5 6 3 4 2 1
2 3 5 4 6 1
6 5 3 4 2 1
4 5 3 1 6 2
2 1 3 4 5 6
2 1 5 3 4 6
2 1 5 6 4 3
5 2 6 1 4 3
5 3 4 6 2 1
2 4 1 5 6 3
3 4 6 5 1 2
2 4 1 5 3 6
5 6 4 2 1 3
2 6 1 3 5 4
1 5 4 2 6 3
5 2 3 6 1 4
3 1 2 5 4 6
5 2 4 6 1 3
3 1 6 5 4 2
4 6 2 5 3 1
3 2 5 6 1 4
3 6 2 4 5 1
5 1 6 2 3 4
6 3 2 4 5 1
1 6 5 2 4 3
3 5 1 4 6 2
6 1 5 4 2 3
3 4 5 2 1 6
1 6 2 3 5 4
3 5 2 6 1 4
3 5 4 2 1 6
4 6 1 2 5 3
2 6 1 5 3 4
2 6 1 3 5 4
1 2 5 3 4 6
5 4 2 3 1 6
1 2 4 6 3 5
2 6 4 5 3 1
5 3 2 6 4 1
3 1 2 4 5 6
3 1 4 6 5 2
6 1 3 4 5 2
5 1 2 3 4 6
2 3 5 6 4 1
2 1 4 6 3 5
4 3 1 2 6 5
3 2 5 4 1 6
1 5 6 3 2 4
6 4 3 1 5 2
5 2 6 3 1 4

5
Homer
Marge
Bart
Lisa
Maggie
4 1 3 5 2
1 4 2 5 3
2 1 4 5 3
4 5 1 2 3
1 5 2 3 4
2 3 4 5 1
1 2 5 3 4
3 2 1 5 4
4 5 2 3 1
3 2 4 5 1
1 5 3 4 2
4 5 3 1 2
3 5 1 4 2
5 4 2 1 3
4 5 3 2 1
2 3 4 1 5
2 5 3 4 1
1 4 5 2 3
5 1 2 3 4
2 5 4 1 3
4 5 1 2 3
4 2 1 3 5
4 5 3 2 1
2 3 1 4 5
5 4 3 2 1
4 2 1 3 5
1 3 4 5 2
1 2 4 5 3
2 3 4 1 5
3 5 2 1 4
3 4 2 5 1
2 1 4 3 5
1 4 3 5 2
5 2 3 4 1
3 5 4 2 1
3 2 1 4 5
2 1 4 3 5
5 2 4 3 1
3 4 1 2 5
1 4 2 3 5
4 2 3 5 1
5 3 1 2 4
4 5 1 2 3
2 4 3 1 5
4 1 2 3 5
4 5 1 2 3
2 4 1 3 5
5 4 3 1 2
1 2 5 3 4
4 3 1 5 2
2 5 3 1 4
1 3 2 4 5
5 1 3 4 2
1 5 2 4 3
2 5 4 1 3
2 5 4 3 1
5 4 1 3 2
5 2 1 3 4
3 2 4 5 1
4 5 2 3 1
2 4 1 5 3
5 4 3 1 2
5 2 1 4 3
4 1 2 5 3
1 3 4 5 2
4 3 2 5 1

2
Donald
Elizabeth
2 1
1 2
1 2
1 2
1 2
1 2
1 2
2 1
1 2
1 2
1 2
1 2
1 2
2 1
2 1
1 2
1 2
2 1
1 2
2 1
1 2
2 1
1 2
1 2
2 1
1 2
1 2
1 2
1 2
2 1
1 2
2 1
1 2
1 2
1 2
2 1
1 2
1 2
1 2
2 1
1 2
1 2
2 1
1 2
2 1
2 1
2 1
2 1
1 2
1 2
2 1
2 1
1 2
1 2
1 2
1 2
2 1
2 1
2 1
1 2
2 1
2 1
1 2
2 1
1 2
2 1

3
UT
WVU
OU
3 2 1
2 1 3
3 2 1
1 2 3
1 2 3
1 3 2
3 1 2
1 3 2
1 3 2
2 3 1
2 3 1
3 1 2
1 2 3
2 1 3
1 2 3
1 3 2
1 2 3
2 3 1
1 3 2
3 2 1
2 3 1
3 2 1
3 1 2
3 2 1
3 1 2
2 1 3
2 3 1
1 2 3
2 1 3
2 3 1
2 3 1
2 3 1
2 1 3
2 1 3
1 2 3
2 1 3
1 3 2
1 2 3
2 1 3
1 3 2
2 3 1
3 2 1
2 3 1
1 2 3
3 1 2
1 2 3
3 2 1
1 3 2
3 2 1
2 1 3
1 2 3
2 3 1
2 3 1
2 1 3
3 2 1
1 2 3
3 1 2
3 1 2
3 1 2
2 1 3
2 3 1
3 1 2
2 3 1
3 2 1
2 1 3
2 3 1

5
Joe
Moe
Sally
Carter
Mike
3 5 4 1 2
2 5 1 3 4
4 5 1 2 3
1 5 4 2 3
2 5 4 3 1
2 3 5 1 4
4 5 1 3 2
5 1 2 4 3
5 2 3 4 1
4 5 2 3 1
1 2 5 3 4
3 5 1 2 4
2 5 3 4 1
4 2 1 3 5
3 4 5 2 1
3 5 4 1 2
1 3 5 4 2
4 2 1 3 5
1 4 3 5 2
1 3 2 4 5
4 1 3 2 5
2 4 1 3 5
2 3 4 1 5
1 3 5 4 2
4 5 2 3 1
4 3 5 1 2
2 4 3 1 5
4 5 3 1 2
3 4 1 2 5
3 5 1 2 4
1 3 5 4 2
1 4 3 2 5
3 4 5 1 2
5 2 3 1 4
1 3 5 4 2
1 3 5 4 2
5 4 3 2 1
4 3 2 5 1
1 5 2 4 3
5 3 1 4 2
5 1 4 3 2
4 2 1 5 3
2 4 1 5 3
4 2 1 5 3
5 3 4 2 1
3 1 2 5 4
3 1 5 4 2
2 4 1 5 3
5 2 4 3 1
4 2 1 5 3
5 3 1 4 2
5 4 1 2 3
4 3 1 5 2
3 5 2 4 1
2 1 4 3 5
3 2 4 5 1
2 5 4 1 3
1 3 4 2 5
1 2 4 3 5
3 4 2 5 1
1 4 2 3 5
4 3 1 2 5
3 2 1 4 5
3 4 5 1 2
2 4 5 1 3
5 3 4 1 2

4
Cartman
Kyle
Stan
Kenny
3 2 1 4
1 2 4 3
3 4 1 2
2 1 4 3
3 1 2 4
2 4 3 1
3 4 2 1
4 1 2 3
2 3 1 4
2 4 1 3
3 1 4 2
2 4 3 1
1 4 3 2
2 3 1 4
4 2 1 3
2 1 4 3
4 3 1 2
1 4 2 3
3 1 4 2
3 4 2 1
4 1 3 2
1 2 3 4
4 2 1 3
1 2 4 3
1 3 4 2
3 1 2 4
2 1 3 4
4 2 3 1
2 1 3 4
4 3 2 1
2 3 1 4
4 3 2 1
3 2 1 4
1 4 3 2
2 4 1 3
4 2 1 3
2 1 4 3
1 2 4 3
4 3 1 2
1 3 4 2
3 1 4 2
4 1 2 3
2 3 1 4
4 3 2 1
3 1 4 2
3 4 1 2
1 2 4 3
4 1 3 2
1 3 2 4
4 1 3 2
3 4 2 1
1 4 3 2
3 4 1 2
2 1 4 3
1 2 3 4
1 2 4 3
4 2 3 1
4 1 3 2
1 3 4 2
2 1 3 4
4 1 2 3
1 4 2 3
2 4 3 1
1 4 3 2
4 1 2 3
4 3 2 1

3
Eddy
Ed
Double D
1 2 3
1 3 2
1 2 3
2 3 1
3 2 1
2 1 3
2 1 3
1 2 3
1 2 3
1 2 3
3 1 2
1 3 2
2 3 1
2 1 3
1 2 3
3 2 1
3 1 2
3 2 1
1 3 2
2 3 1
3 2 1
1 3 2
2 3 1
1 2 3
2 1 3
1 2 3
1 2 3
3 1 2
1 2 3
1 2 3
2 1 3
2 3 1
2 1 3
2 1 3
2 1 3
3 2 1
3 2 1
2 1 3
2 3 1
1 2 3
2 1 3
1 2 3
1 3 2
2 3 1
1 2 3
2 3 1
3 1 2
1 2 3
3 2 1
3 2 1
2 1 3
2 3 1
3 2 1
3 2 1
2 1 3
1 2 3
2 1 3
2 1 3
2 3 1
1 2 3
2 3 1
1 3 2
2 3 1
2 1 3
3 1 2
3 2 1

6
Lois
Peter
Meg
Stewie
Brian
Chris
1 6 2 4 3 5
1 5 3 4 6 2
6 1 5 4 3 2
5 3 6 1 2 4
1 4 5 6 3 2
5 3 2 4 1 6
4 2 1 6 5 3
5 1 6 4 2 3
6 2 1 5 4 3
1 6 2 3 4 5
5 4 1 2 6 3
1 5 3 2 6 4
2 6 4 5 1 3
5 6 1 3 2 4
5 6 4 3 1 2
2 4 1 5 6 3
6 3 2 1 5 4
2 3 5 4 1 6
3 4 5 6 1 2
2 3 4 5 6 1
5 4 1 6 2 3
3 6 5 4 1 2
3 5 4 2 1 6
1 4 5 6 2 3
5 2 6 4 1 3
5 4 6 3 1 2
1 6 4 5 2 3
6 5 1 4 2 3
5 1 4 3 2 6
3 1 6 4 5 2
3 5 6 1 4 2
3 1 6 5 4 2
5 1 2 6 4 3
5 6 3 1 4 2
5 4 1 6 3 2
3 4 1 6 2 5
1 5 4 6 3 2
3 2 5 6 1 4
6 4 1 2 5 3
1 2 6 4 3 5
3 1 5 4 6 2
6 2 3 5 1 4
2 6 5 4 1 3
3 2 6 1 5 4
5 1 2 4 6 3
4 2 6 5 1 3
5 3 1 6 4 2
1 5 4 3 6 2
5 2 4 6 1 3
4 3 5 6 2 1
5 3 1 6 4 2
5 4 1 6 2 3
3 2 5 6 1 4
3 2 4 1 6 5
6 2 4 1 3 5
5 6 2 3 4 1
1 3 2 4 6 5
3 6 2 4 5 1
6 4 3 5 2 1
5 4 6 2 3 1
5 1 2 4 6 3
6 2 1 5 4 3
2 6 4 1 3 5
3 2 6 5 4 1
3 6 1 4 5 2
5 2 6 4 1 3