12

3
John Doe
Jane Smith
Sirhan Sirhan
1 2 3
2 1 3
2 3 1
1 2 3
3 1 2

4
Andy
Bob
Carl
David
1 2 3 4
1 2 3 4
1 2 3 4
1 2 3 4
2 1 3 4
2 1 3 4
2 1 3 4
2 1 3 4
3 2 1 4
3 2 1 4
3 1 2 4
4 3 2 1
4 3 1 2

6
Eric
Frank
George
Harry
Ian
Jack
1 3 5 2 4 6
2 3 1 4 5 6
3 4 6 5 1 2
4 1 6 3 2 5
5 4 6 2 1 3
6 5 4 3 2 1
6 1 4 2 5 3
6 1 5 3 2 4
6 2 5 4 3 1
6 5 1 2 3 4
6 3 2 4 1 5

8
Kyle
Luke
Manny
Nathan
Oscar
Patrick
Quagmire
Ryan
1 2 3 4 5 6 7 8
2 1 3 4 5 6 7 8
3 4 5 6 7 8 1 2
3 5 1 2 6 7 8 2
4 5 2 8 7 6 1 3
4 5 6 7 8 1 2 3
5 1 3 8 6 7 2 4
5 4 3 2 1 6 7 8
6 8 7 3 4 1 5 2
6 5 4 3 1 2 7 8
7 8 1 3 5 4 2 6
7 6 5 3 4 2 1 8
8 7 6 5 4 3 2 1
8 5 6 7 3 4 2 1

2
Steve
Tyler
1 2
2 1
1 2
1 2
1 2
2 1
2 1
1 2
2 1
1 2
1 2
1 2
1 2
1 2
2 1
2 1
1 2
1 2
2 1
2 1
1 2
2 1
2 1
1 2
2 1
2 1
2 1
2 1
1 2
1 2
2 1
1 2
1 2
1 2
1 2
2 1
1 2
1 2
2 1
1 2
1 2
1 2
2 1
1 2
1 2
1 2
1 2

4
Ulysses
Vanessa
Wyatt
Xavier
1 2 3 4
1 2 3 4
1 2 4 3
2 1 4 3
2 1 4 3
2 1 4 3
3 2 1 4
3 1 2 4
3 4 1 2
3 1 2 4
3 4 1 2
3 1 2 4
4 1 2 3
4 3 1 2
4 2 1 3
4 1 2 3

7
Yvonne
Zach
Angela
Brianna
Cathy
Diane
Elizabeth
1 2 3 4 5 6 7
1 2 3 4 5 6 7
1 2 3 4 5 6 7
1 2 3 4 5 6 7
1 2 3 4 5 6 7
2 1 3 4 5 6 7
2 1 3 4 5 6 7
2 4 5 3 1 6 7
2 5 4 1 3 6 7
2 3 4 1 5 6 7
3 4 5 1 2 6 7
3 2 1 4 5 6 7
3 2 1 4 5 6 7
3 4 2 1 5 6 7
3 4 2 1 5 6 7
4 3 2 1 5 6 7
4 5 1 2 3 6 7
4 1 2 5 3 6 7
4 1 3 2 5 6 7
4 2 5 1 3 6 7
5 1 2 3 4 6 7
5 3 2 1 4 6 7
5 1 3 4 2 6 7
5 1 3 4 2 6 7
5 2 1 4 3 6 7
6 5 4 3 2 1 7
6 5 4 3 2 1 7
6 5 4 3 2 1 7
6 5 4 3 2 1 7
6 5 4 3 2 1 7
7 6 5 4 3 2 1
7 1 2 3 4 5 6
7 5 3 4 6 2 1
7 6 5 4 3 2 1
7 3 4 5 6 2 1

6
Fred
Grace
Harry
Isaac
Jessica
Kylie
4 1 6 5 3 2
2 1 5 6 4 3
4 3 6 5 1 2
3 1 5 2 4 6
3 6 1 5 4 2
1 3 4 6 2 5
1 3 4 5 6 2
3 1 2 4 6 5
5 3 2 4 6 1
2 4 1 3 5 6
5 4 3 2 1 6
4 2 1 6 5 3
4 5 1 6 2 3
6 1 4 3 5 2
5 4 1 2 6 3
3 2 6 1 5 4
3 5 1 4 2 6
1 5 3 4 2 6
6 4 2 5 3 1
1 4 6 2 5 3
2 1 3 4 5 6
1 6 2 3 4 5
3 4 1 2 6 5
4 6 3 1 2 5
4 1 3 5 6 2
6 5 1 3 2 4
1 5 2 6 4 3
2 3 6 1 5 4
6 3 5 4 1 2
6 1 5 2 4 3
3 5 2 6 4 1
5 1 4 3 2 6
1 6 4 3 5 2
6 2 4 1 5 3
4 3 2 1 6 5
4 5 1 3 2 6
6 3 4 5 1 2
2 6 1 4 5 3
1 3 2 5 4 6
4 5 2 6 3 1
1 3 6 5 4 2
3 5 6 2 4 1
5 1 3 2 4 6
4 6 2 3 5 1
4 2 3 6 5 1
3 6 1 4 2 5
4 2 6 5 3 1
4 2 1 6 5 3
1 6 5 4 3 2
6 2 3 5 1 4
1 4 2 3 5 6
3 4 1 6 2 5
4 3 2 6 5 1
6 2 1 3 4 5
6 5 1 4 3 2
2 4 3 5 1 6
6 5 2 4 3 1
3 5 2 4 1 6
6 1 3 4 5 2
5 4 2 6 3 1
4 1 5 6 3 2
3 6 1 2 4 5
2 3 1 5 4 6
4 1 3 5 6 2
2 5 3 4 6 1
3 6 1 4 2 5
6 1 2 4 5 3
1 5 3 2 6 4
2 1 4 3 5 6
1 4 2 5 6 3
2 5 1 4 6 3
6 4 2 3 5 1
3 5 2 1 4 6
4 2 6 5 1 3
1 4 2 6 5 3
1 4 6 3 5 2
5 6 1 3 2 4
5 1 3 4 2 6
4 6 2 1 5 3
1 4 2 3 6 5

20
Larry
Mary
Nancy
Oliver
Pete
Quinn
Rachel
Sarah
Tyrone
Uriel
Violet
Washington
Xerxes
Yosef
Zeke
Abel
Beth
Carl
Diane
Elle
16 17 14 1 4 15 11 5 13 2 3 20 9 7 10 8 19 18 6 12
3 8 11 13 7 10 16 18 17 20 19 6 5 15 1 12 4 2 9 14
11 14 15 16 3 17 7 1 5 9 10 8 20 19 13 6 12 4 18 2
6 8 12 3 11 18 14 13 17 4 20 5 10 1 16 2 7 9 15 19
10 8 15 19 12 6 18 2 14 20 16 7 17 9 4 13 11 1 3 5
3 17 16 7 5 19 20 1 11 18 15 14 2 9 12 6 10 8 13 4
10 4 11 14 5 20 13 12 19 15 18 3 8 17 7 6 16 1 2 9
6 20 16 2 4 12 8 3 7 11 15 5 18 13 9 1 17 14 19 10
16 20 19 3 13 9 6 11 15 7 10 8 17 12 4 5 1 14 18 2
11 4 16 5 12 19 14 3 2 10 8 13 7 17 15 9 1 18 6 20
20 19 2 13 8 12 15 10 11 7 6 1 17 9 4 14 3 5 16 18
5 19 9 10 15 3 2 1 18 11 6 16 17 14 20 13 12 4 8 7
14 10 18 1 4 6 8 19 3 13 20 9 5 15 7 11 16 2 17 12
10 1 7 4 9 18 8 2 3 15 11 19 20 14 13 12 5 17 6 16
17 5 6 4 1 16 13 11 19 15 3 2 12 18 20 7 10 14 9 8
17 4 19 2 20 3 11 7 15 1 8 10 14 6 18 5 16 13 9 12
5 12 16 7 6 13 1 19 8 4 18 9 10 2 20 17 15 14 11 3
16 6 7 15 3 9 11 18 8 5 19 1 20 13 4 10 2 12 14 17
4 19 7 5 17 14 2 1 20 6 11 16 9 10 18 8 15 3 13 12
20 2 16 9 1 14 19 4 7 18 3 10 13 17 8 15 6 12 5 11
2 8 3 5 11 13 1 6 14 12 20 15 9 19 18 16 17 7 4 10
18 12 15 9 3 17 16 4 6 8 5 13 11 14 2 19 10 7 20 1
9 10 4 7 5 19 20 16 11 17 6 2 18 13 14 12 8 1 15 3
18 13 1 10 17 3 9 4 2 14 16 20 19 8 5 15 6 11 7 12
8 17 13 12 20 16 11 1 5 18 2 15 3 19 9 10 14 6 7 4
13 8 2 16 11 10 3 1 9 5 4 7 20 6 12 19 17 15 18 14
14 12 20 5 3 4 1 9 17 15 16 7 8 13 6 10 19 18 2 11
10 17 15 5 6 3 9 18 4 7 12 14 20 16 19 1 13 11 8 2
20 5 11 15 8 6 1 18 9 2 17 16 10 13 19 4 14 12 7 3
14 2 15 7 13 9 18 8 20 1 4 5 6 16 12 10 19 3 17 11
15 9 11 3 19 14 5 16 6 2 13 8 20 18 12 7 17 10 4 1
2 14 13 5 16 17 18 11 20 12 7 10 9 8 4 15 6 3 1 19
14 20 5 19 6 9 11 4 7 10 15 12 17 13 2 3 1 16 18 8
11 16 3 12 10 17 13 6 7 9 4 8 14 19 20 15 1 5 18 2
1 20 11 15 7 19 6 17 8 9 18 16 13 12 5 10 4 3 2 14
18 2 7 3 4 14 1 5 20 6 17 10 9 8 15 11 13 16 12 19
8 13 11 4 18 12 14 1 16 7 9 2 19 6 17 3 10 15 20 5
10 15 18 17 8 11 2 1 9 6 12 7 19 20 5 13 14 4 3 16
15 12 1 3 6 18 7 14 16 17 8 19 13 20 5 11 2 10 9 4
2 7 11 10 1 4 14 16 18 15 20 19 17 12 8 9 3 6 5 13
1 4 19 17 9 2 13 12 3 6 5 7 8 18 20 16 15 14 10 11
2 11 3 12 6 18 14 7 8 15 17 5 1 19 13 10 20 16 9 4
15 10 13 11 14 19 8 3 5 20 16 17 12 9 4 6 18 2 7 1
9 5 11 14 1 2 3 17 12 20 18 8 13 19 10 4 6 7 16 15
7 19 3 20 5 9 14 17 2 1 6 15 4 10 8 11 13 12 16 18
19 7 17 4 1 6 11 14 3 2 20 10 9 5 8 15 18 16 12 13
12 18 14 2 20 6 5 13 19 9 1 15 11 10 4 8 3 17 16 7
17 5 10 7 11 6 18 3 2 12 1 4 13 19 14 9 8 15 20 16
1 9 20 11 16 5 6 7 2 8 10 12 15 19 18 17 14 3 13 4
4 6 3 17 8 9 14 16 7 12 20 1 5 11 18 15 19 2 10 13
20 11 1 7 12 14 3 5 8 2 9 15 13 18 16 19 10 6 17 4
10 5 8 3 1 7 15 17 13 16 9 19 11 12 4 18 2 6 14 20
15 20 14 16 1 3 18 10 8 17 7 5 2 11 13 12 6 4 19 9
4 8 13 20 2 9 15 3 17 14 18 12 16 5 1 19 11 10 6 7
6 1 8 10 2 19 4 5 18 7 12 15 9 17 11 14 13 3 20 16
13 9 8 12 3 20 19 5 1 16 15 10 11 14 6 17 4 7 2 18
9 17 14 1 8 4 11 3 20 5 13 2 10 15 7 16 6 18 12 19
7 5 9 17 3 12 16 6 19 10 8 11 4 2 14 15 18 13 20 1
1 3 14 8 13 15 9 18 6 4 16 11 2 10 5 7 20 12 17 19
8 19 18 17 3 16 9 2 1 7 10 5 4 15 12 13 14 6 11 20
5 6 20 4 9 2 3 1 13 8 11 15 14 12 19 7 18 10 17 16
18 7 16 4 8 20 1 6 9 17 13 19 11 14 3 10 2 12 5 15
5 20 7 6 12 8 1 17 10 9 2 4 19 18 11 3 13 14 16 15
10 19 15 13 3 5 8 9 1 6 7 2 16 20 11 12 14 4 17 18
5 2 18 8 10 17 19 7 4 1 6 3 16 12 20 9 15 11 13 14
1 6 15 10 18 16 20 13 17 5 8 7 14 19 9 11 3 4 2 12
1 12 17 6 10 4 15 5 11 14 8 13 9 3 20 19 16 18 2 7
8 2 1 14 11 19 10 5 12 17 16 6 20 15 13 3 4 9 18 7
5 17 9 6 16 7 18 11 15 3 14 10 8 1 20 19 12 13 4 2
12 2 13 8 6 4 16 19 17 14 10 9 1 7 5 20 15 11 3 18
1 7 11 2 16 5 20 15 10 3 8 9 12 18 6 4 13 17 19 14
2 8 18 12 17 6 10 1 7 15 11 20 4 3 19 5 13 16 14 9

6
Ford
Gabriel
Henry
Ivan
Jerome
Kara
1 6 2 5 3 4
5 6 1 2 4 3
3 4 6 2 5 1
6 5 1 2 4 3
3 5 2 1 6 4
2 1 5 6 3 4
2 3 5 1 6 4
1 4 6 3 5 2
6 4 3 5 1 2
2 6 4 3 1 5
5 1 2 6 4 3
1 2 6 5 3 4
2 3 4 5 6 1
3 5 6 1 4 2
6 3 1 2 5 4
5 2 6 3 4 1
1 2 4 6 3 5
4 1 5 2 3 6
3 6 2 1 4 5
6 3 1 5 4 2
6 1 3 5 4 2
2 6 3 5 1 4
6 2 4 1 5 3
5 1 3 6 4 2
5 2 4 3 6 1
5 2 3 6 4 1
2 4 1 5 6 3
4 3 5 2 1 6
1 5 2 4 3 6
4 2 1 5 3 6
4 1 2 3 5 6
4 1 5 3 6 2
3 4 1 5 2 6
5 2 1 3 4 6
5 4 3 2 1 6
4 6 5 2 3 1
1 4 2 3 5 6
4 6 2 1 3 5
1 4 3 6 2 5
4 5 6 1 2 3
5 3 1 6 4 2
3 4 6 2 5 1
2 1 5 3 6 4
2 4 6 5 1 3
5 1 3 2 4 6
3 4 5 1 2 6
1 3 2 5 6 4
5 4 6 1 2 3
5 4 6 2 3 1
4 3 2 1 6 5
3 4 2 6 5 1
4 2 3 6 1 5
5 4 2 3 6 1
6 1 5 2 3 4
1 5 3 2 6 4
1 4 2 3 6 5
5 3 4 2 1 6
3 4 2 1 5 6
6 2 5 1 3 4
4 6 5 3 2 1
2 6 1 4 3 5
1 2 6 4 5 3
6 5 4 2 3 1
2 1 4 6 5 3
5 4 6 2 3 1
6 2 4 5 1 3
6 3 2 5 1 4
1 5 3 4 2 6
2 3 6 5 1 4
6 2 1 4 3 5
1 3 2 6 5 4
5 1 6 4 3 2
3 6 2 4 5 1
6 4 1 3 2 5
5 6 2 4 1 3
2 1 6 4 5 3
6 2 5 1 4 3
6 1 2 5 4 3
1 2 5 4 3 6
4 6 5 1 2 3
2 3 6 4 1 5
3 1 4 6 5 2
2 6 4 3 1 5
3 6 1 4 5 2
4 6 3 5 1 2
4 1 3 5 6 2
4 1 5 3 6 2
6 5 2 4 3 1
4 3 2 6 1 5
2 1 3 4 5 6
1 3 4 6 2 5
4 2 1 6 3 5
5 1 3 4 6 2
4 2 5 6 1 3
6 4 1 2 3 5
2 5 3 1 4 6
5 6 4 1 3 2
3 2 1 4 6 5
5 2 3 4 1 6
6 2 4 3 5 1
4 3 2 5 1 6
3 4 1 2 5 6
1 2 5 6 3 4
2 5 3 1 6 4
2 6 4 5 3 1
3 2 6 5 1 4
3 6 4 2 1 5
6 2 4 3 5 1
1 6 4 3 5 2
4 1 5 6 2 3
5 2 6 1 3 4
5 2 1 4 6 3
1 3 6 4 5 2
3 4 1 5 6 2
5 4 2 6 1 3
4 6 5 2 1 3
5 2 3 4 6 1
1 3 5 2 4 6
6 5 4 3 1 2
3 1 6 4 2 5
2 6 4 5 1 3
4 1 6 5 2 3
3 4 5 2 6 1
6 4 5 3 1 2
5 1 2 4 6 3
5 3 2 1 6 4
3 4 2 6 5 1
3 6 4 2 1 5
4 1 6 2 5 3
3 5 6 1 2 4
4 5 6 2 1 3
3 6 1 4 2 5
2 6 3 1 4 5
1 5 3 6 4 2
3 2 1 6 5 4
2 3 6 5 4 1
5 6 2 4 1 3
2 4 1 5 3 6
6 2 4 5 1 3
1 4 6 3 5 2
5 1 4 6 3 2
5 4 6 1 3 2
6 4 3 1 2 5
5 2 6 3 1 4
5 3 2 4 1 6
4 6 5 2 1 3
2 1 6 3 4 5
6 4 5 3 1 2
5 4 1 6 3 2
2 4 1 5 6 3
6 1 3 4 2 5
5 3 1 6 2 4
4 1 2 6 5 3
3 4 2 1 5 6
4 3 5 2 6 1
1 4 5 6 3 2
5 2 1 4 3 6
6 1 5 4 3 2
2 6 5 4 3 1
3 6 1 2 4 5
2 1 4 5 3 6
4 3 1 6 2 5
5 3 2 1 6 4
4 5 1 3 2 6
5 2 4 6 1 3
3 4 6 5 2 1
1 3 2 5 6 4
3 1 2 5 4 6
5 4 6 2 1 3
4 1 6 2 3 5
2 3 4 1 6 5
3 2 4 1 6 5
3 1 2 6 4 5
1 4 5 6 2 3
6 1 5 4 3 2
3 4 1 5 6 2
5 6 1 2 4 3

7
Louis
Michaela
Noelle
Owen
Peter
Quincy
Ryan
7 4 5 1 3 2 6
4 7 6 1 2 3 5
5 1 2 3 4 7 6
6 3 1 7 5 4 2
4 2 7 6 1 5 3
7 3 1 2 4 6 5
5 4 2 1 7 6 3
6 2 5 7 1 4 3
2 3 5 7 1 6 4
4 3 1 2 7 6 5
4 3 1 7 2 6 5
2 1 5 4 6 7 3
1 4 3 2 6 7 5
3 7 4 1 6 5 2
5 2 3 1 7 6 4
5 3 2 4 1 7 6
2 6 5 4 1 7 3
3 4 5 6 2 7 1
1 3 4 7 6 2 5
4 1 5 6 3 7 2
5 1 2 3 6 7 4
5 4 6 7 1 3 2
1 4 2 5 7 6 3
6 2 7 1 5 4 3
3 6 1 2 5 4 7
3 2 5 6 7 1 4
3 4 5 1 6 7 2
2 5 6 3 4 7 1
2 1 6 7 4 3 5
7 1 2 6 3 5 4
7 5 3 4 2 1 6
1 4 5 6 7 3 2
6 3 2 5 7 1 4
3 1 5 6 4 7 2
3 4 2 5 1 6 7
3 7 5 1 4 2 6
7 4 3 5 2 1 6
1 6 7 3 5 2 4
4 5 3 7 2 1 6
5 6 4 3 2 7 1
2 1 6 4 5 3 7
1 7 5 4 3 2 6
6 5 4 3 7 2 1
7 1 2 4 6 3 5
2 5 3 4 7 1 6
2 3 6 4 5 7 1
6 5 4 2 7 3 1
7 2 4 6 5 1 3
1 7 6 3 4 2 5
3 2 5 6 4 7 1
7 6 3 5 4 1 2
2 7 4 3 6 5 1
4 3 2 7 6 5 1
6 7 2 4 3 1 5
1 2 5 4 3 7 6
1 7 2 6 3 4 5
2 1 7 6 4 5 3
7 1 4 2 3 5 6
3 4 1 5 6 2 7
6 1 7 2 5 3 4
4 6 7 5 3 2 1
2 4 6 1 3 7 5
3 5 1 4 2 6 7
7 4 3 6 1 5 2
1 2 7 5 4 6 3
4 5 6 7 1 2 3
2 3 4 1 7 6 5
4 6 7 1 3 5 2
5 2 7 6 3 1 4
5 3 1 4 2 7 6
7 4 3 6 5 2 1
6 2 5 4 7 1 3
2 6 5 7 1 3 4
6 5 3 4 7 2 1
1 3 2 5 7 4 6
3 7 5 1 2 4 6
2 5 6 1 3 7 4
6 3 2 4 5 7 1
4 1 2 5 3 6 7
7 2 6 3 5 4 1
3 5 2 4 1 7 6
6 4 2 7 3 1 5
3 5 4 2 1 6 7
2 4 7 5 1 3 6
1 6 3 5 7 4 2
2 1 4 3 5 6 7
2 6 5 3 7 4 1
3 7 6 5 1 2 4
1 3 2 7 5 6 4
2 5 3 1 4 7 6
4 3 2 5 7 1 6
5 7 4 6 3 2 1
2 1 4 6 3 7 5
6 3 4 1 7 2 5
2 3 1 4 7 5 6
5 3 7 4 2 6 1
4 7 1 3 5 2 6
4 6 2 7 5 3 1
4 6 1 3 7 2 5
1 4 6 5 2 3 7
1 5 4 6 2 7 3
1 6 7 3 5 4 2
3 4 6 1 7 5 2
7 1 6 5 3 2 4
5 7 1 6 2 4 3
2 5 1 4 7 6 3
7 5 2 3 1 6 4
5 2 4 1 7 6 3
1 4 3 7 5 2 6
7 6 5 1 2 3 4
3 5 2 7 1 4 6
5 7 6 3 4 1 2
6 5 2 7 4 1 3
4 7 3 6 2 5 1
3 2 4 1 6 7 5
3 6 2 5 4 1 7
2 3 5 7 1 4 6
7 5 4 1 6 2 3
2 3 6 1 7 5 4
5 4 1 6 2 7 3
3 2 1 6 5 4 7
3 6 7 1 4 2 5
5 4 1 3 2 7 6
1 7 4 2 3 6 5
2 4 1 6 3 7 5
7 1 4 3 5 2 6
6 3 7 2 5 4 1
1 6 2 3 5 4 7
4 7 6 1 5 2 3
2 1 5 4 7 6 3
1 4 5 7 2 3 6
4 7 3 6 5 2 1
6 7 5 1 3 4 2
5 1 6 4 3 7 2
6 2 3 1 4 5 7
4 6 1 5 3 2 7
2 5 3 7 4 1 6
6 7 5 1 2 3 4
4 1 2 7 3 6 5
6 4 1 7 2 5 3
3 1 4 6 2 7 5
4 6 5 7 1 2 3
5 4 7 6 2 1 3
4 2 7 6 1 3 5
7 2 6 4 5 1 3
1 5 3 6 7 2 4
2 4 6 3 5 7 1
7 1 4 5 3 2 6
7 6 2 1 4 3 5
2 7 6 1 5 4 3
4 6 1 2 5 3 7
1 4 2 6 7 5 3
5 3 6 7 4 1 2
7 6 2 3 1 4 5
4 5 2 1 7 3 6
2 3 4 7 5 1 6
2 5 3 1 6 7 4
7 3 5 1 2 6 4
3 7 2 1 6 5 4
5 4 6 1 7 3 2
6 2 5 3 4 1 7
2 7 3 5 1 6 4
5 7 1 3 2 4 6
2 6 4 1 7 3 5
5 6 4 3 2 7 1
1 7 4 2 3 5 6
5 4 1 3 2 6 7
7 4 2 5 6 3 1
7 4 2 3 6 1 5
5 6 1 7 2 3 4
6 5 2 3 7 4 1
6 7 2 5 4 3 1
1 7 2 4 5 3 6
5 3 2 1 4 7 6
1 2 5 4 3 6 7
7 5 1 2 3 6 4
6 3 1 5 2 4 7
5 7 6 4 3 2 1
2 3 7 4 1 6 5
3 4 7 5 1 2 6
1 3 5 6 2 7 4
3 4 7 2 6 1 5
6 1 3 2 7 4 5
3 6 1 2 5 4 7
3 7 4 2 6 1 5
7 5 1 3 4 2 6
6 7 4 5 2 1 3
3 1 4 2 7 5 6
2 5 4 3 1 7 6
5 6 4 2 3 1 7
1 3 7 2 6 5 4
3 1 5 7 6 4 2
2 7 3 5 1 6 4
7 1 5 6 4 3 2

17
Steven
Travis
Uriah
Vanessa
Wanda
Xander
Yoon-Sang
Zachary
Adam
Bryan
Connor
Darrel
Emily
Fredrick
Gabe
Horace
India
2 14 15 5 9 13 12 17 8 7 11 3 10 1 6 16 4
9 12 5 15 16 4 13 10 17 3 7 6 8 2 14 1 11
2 7 13 9 4 8 16 17 15 3 1 5 14 12 6 11 10
3 8 7 14 16 9 1 17 5 6 13 4 11 2 12 15 10
16 4 8 15 13 7 1 17 5 3 10 12 2 14 11 9 6
1 12 16 4 10 11 9 8 13 7 2 5 15 6 14 3 17
9 3 11 13 1 4 16 17 2 14 6 15 5 10 12 7 8
17 14 9 5 1 7 2 10 13 12 16 15 4 8 6 11 3
5 17 1 14 12 7 9 16 10 3 2 11 13 15 6 4 8
8 6 3 1 17 5 4 14 12 10 13 9 15 7 11 2 16
4 9 11 2 3 8 10 12 17 6 5 14 1 15 13 7 16
6 4 15 2 13 7 16 12 14 8 1 10 9 17 11 5 3
15 2 8 10 5 12 13 4 7 9 11 1 17 16 14 6 3
2 8 7 15 9 10 1 3 5 6 11 14 13 12 4 16 17
17 14 8 2 7 5 12 4 3 9 11 13 1 16 15 10 6
7 12 1 2 9 13 3 17 11 10 5 15 14 8 16 4 6
1 8 7 17 4 14 6 11 12 5 15 3 9 10 16 2 13
7 16 6 4 3 9 13 10 12 15 11 17 8 14 2 5 1
4 6 3 16 5 7 13 12 9 8 1 17 14 10 11 2 15
11 3 1 4 14 2 13 6 8 12 15 9 16 7 10 5 17
10 7 14 9 15 3 12 4 1 8 17 2 11 6 13 16 5
1 13 8 11 10 17 5 6 9 2 4 15 14 3 16 12 7
15 2 3 14 7 4 16 8 13 17 11 5 10 1 9 6 12
15 6 1 3 16 12 10 8 11 13 17 9 7 14 5 4 2
14 1 6 5 10 12 17 8 13 7 9 2 4 11 3 15 16
9 6 12 4 3 8 14 11 15 10 5 17 16 7 13 1 2
4 7 16 8 3 17 13 11 15 12 14 10 2 5 9 6 1
11 9 3 17 10 1 14 5 7 13 16 2 4 12 6 8 15
16 8 10 13 7 14 12 9 11 2 5 6 1 4 3 15 17
17 2 16 9 7 13 8 1 15 6 14 11 3 4 10 12 5
3 16 11 15 6 17 1 14 13 10 4 12 5 8 7 2 9
17 2 8 14 16 10 12 13 1 15 6 9 4 3 11 7 5
