15

6
Candidate 1
Candidate 2
Candidate 3
Candidate 4
Candidate 5
Candidate 6
5 4 3 2 6 1
5 6 4 2 3 1
2 6 5 3 4 1
6 4 5 1 2 3
6 4 5 3 2 1
2 5 4 6 1 3
3 4 1 6 2 5
4 6 1 3 2 5
5 1 4 2 6 3
1 4 3 6 2 5
6 2 5 1 3 4
5 3 4 1 2 6
6 4 1 2 5 3
5 4 3 2 6 1
4 5 6 1 3 2
6 2 4 1 3 5
4 5 3 2 6 1
1 5 3 2 6 4
2 3 5 1 6 4
4 6 1 3 5 2
6 4 2 5 1 3
4 6 1 5 3 2
2 1 6 4 3 5
1 3 5 4 2 6
6 4 3 1 5 2
5 6 4 3 1 2
2 6 1 5 4 3
2 6 4 1 3 5
5 1 3 4 6 2
1 4 3 6 2 5
3 6 4 5 1 2
2 6 3 5 4 1

2
Candidate 1
Candidate 2
2 1
2 1
1 2
1 2
1 2
2 1
2 1
1 2
2 1
2 1
1 2
1 2
2 1
2 1

20
Candidate 1
Candidate 2
Candidate 3
Candidate 4
Candidate 5
Candidate 6
Candidate 7
Candidate 8
Candidate 9
Candidate 10
Candidate 11
Candidate 12
Candidate 13
Candidate 14
Candidate 15
Candidate 16
Candidate 17
Candidate 18
Candidate 19
Candidate 20
20 11 15 19 6 12 2 1 18 17 3 14 10 8 5 13 16 7 9 4
4 20 9 2 15 10 11 8 3 5 12 17 1 16 13 18 19 7 6 14
19 10 7 2 17 14 4 5 15 9 18 1 20 6 13 8 11 12 16 3
12 4 5 20 16 15 6 13 9 3 11 18 2 10 8 7 14 17 19 1

15
Candidate 1
Candidate 2
Candidate 3
Candidate 4
Candidate 5
Candidate 6
Candidate 7
Candidate 8
Candidate 9
Candidate 10
Candidate 11
Candidate 12
Candidate 13
Candidate 14
Candidate 15
4 7 15 9 2 10 6 11 1 14 13 3 12 8 5
9 10 3 12 15 14 8 6 7 2 5 11 13 1 4
10 14 2 1 15 7 8 3 5 11 6 9 4 12 13
12 5 15 3 6 4 7 9 8 2 10 14 13 11 1
14 1 13 3 12 5 8 11 15 6 2 7 4 10 9
12 13 7 3 15 6 4 11 5 2 10 9 8 14 1
9 1 5 8 13 2 7 10 14 6 15 4 11 12 3
15 3 14 4 10 12 5 6 8 9 13 11 2 1 7
3 15 4 9 11 2 8 6 7 5 12 10 13 14 1
1 8 12 5 2 11 10 15 3 6 9 14 7 13 4
7 10 2 9 12 6 5 13 8 3 14 1 15 11 4
14 9 8 6 12 4 11 2 15 1 10 7 3 5 13
6 8 5 10 9 7 1 14 11 3 2 12 4 15 13
6 5 4 10 15 2 3 7 1 13 9 11 8 14 12
8 9 12 2 10 7 4 1 13 14 5 3 15 6 11
8 4 2 14 5 9 15 6 11 7 10 1 13 12 3
5 10 3 13 4 2 6 14 15 11 7 8 12 1 9
10 13 8 15 3 2 5 1 11 14 9 6 4 12 7
10 1 12 11 3 14 6 7 13 5 2 8 9 15 4
3 14 15 7 2 10 12 9 6 1 5 4 13 8 11
4 12 7 3 15 11 5 6 9 10 2 8 13 14 1
10 2 15 13 11 14 6 5 9 8 7 12 3 1 4
7 5 9 4 13 3 14 6 2 15 12 1 10 8 11
13 5 4 9 6 15 10 8 7 11 3 1 2 12 14
2 7 14 13 8 1 5 9 3 6 10 15 11 12 4
15 5 6 2 7 11 14 4 9 1 12 13 10 8 3
3 5 1 2 8 12 7 11 14 15 6 10 13 9 4
4 9 6 5 2 10 12 3 1 8 7 14 15 13 11
8 11 9 4 12 2 3 13 10 7 15 1 6 5 14
5 4 9 2 3 8 13 15 6 10 7 12 1 14 11
10 2 9 15 1 14 8 7 13 3 12 11 5 4 6
7 15 2 9 3 4 6 13 8 11 1 12 5 14 10
15 2 4 8 9 7 11 10 1 12 5 13 14 6 3
7 3 14 13 6 15 12 11 1 2 10 9 4 8 5
8 11 9 1 4 3 6 13 15 10 7 12 2 5 14
7 11 14 3 10 6 9 2 12 15 13 1 8 4 5
9 14 10 5 11 8 4 1 3 2 15 13 12 6 7
13 6 2 12 5 14 1 15 10 8 9 11 4 3 7
12 9 15 8 1 10 3 5 6 4 2 13 11 7 14
1 14 10 2 6 13 9 7 5 11 8 4 15 12 3
11 7 1 10 4 15 14 5 8 12 6 2 3 13 9
11 3 15 4 14 12 8 1 10 7 9 13 5 6 2
1 7 13 5 8 3 11 2 12 6 4 14 15 10 9
2 10 8 5 15 14 12 3 7 11 9 1 13 4 6
4 13 7 5 6 14 2 3 8 10 9 15 12 11 1
15 14 9 13 10 2 7 6 11 5 8 12 4 3 1
2 6 11 15 14 7 5 10 4 8 13 9 3 12 1
2 3 1 5 8 10 13 11 9 15 7 14 12 6 4
13 12 5 8 1 9 6 7 2 3 4 11 14 10 15
7 1 4 9 15 11 5 3 14 6 8 10 12 13 2
12 9 6 2 10 11 13 4 14 15 1 7 8 5 3
9 7 1 8 5 6 12 15 3 2 14 13 10 4 11
8 11 2 9 13 14 3 4 6 10 7 1 5 15 12
2 4 13 8 12 9 3 14 7 5 6 1 10 11 15
5 2 1 7 3 12 11 6 13 14 10 8 4 9 15
6 1 3 13 12 8 14 9 15 2 10 7 11 4 5
4 13 8 3 15 14 2 7 11 12 9 5 6 1 10
3 12 7 4 13 1 2 11 5 10 9 14 6 15 8
3 5 2 11 12 13 4 14 15 9 1 8 7 10 6
11 6 7 10 1 14 13 2 15 3 9 5 4 8 12
14 15 6 4 1 7 8 12 11 3 5 10 13 2 9
2 15 14 13 4 12 7 9 1 10 8 11 5 6 3

11
Candidate 1
Candidate 2
Candidate 3
Candidate 4
Candidate 5
Candidate 6
Candidate 7
Candidate 8
Candidate 9
Candidate 10
Candidate 11
6 3 9 11 5 10 8 2 1 4 7
2 6 3 8 1 11 4 10 7 9 5
10 7 2 9 5 4 1 11 6 8 3
11 4 9 8 2 5 3 1 6 7 10
4 10 11 9 5 3 8 7 1 6 2
2 10 8 6 1 5 9 11 7 4 3
1 6 11 8 5 9 4 3 2 7 10
7 11 3 2 8 6 4 10 1 5 9
5 2 4 6 1 11 3 9 7 8 10
8 3 1 11 7 10 4 6 5 2 9
6 5 9 1 11 7 3 2 10 4 8
1 11 9 5 2 10 6 4 3 8 7
2 11 1 8 3 7 6 10 9 5 4
9 6 2 7 4 3 8 5 10 11 1
11 8 4 7 9 1 3 6 5 2 10
3 7 4 9 6 10 1 11 2 8 5
6 11 9 10 7 2 5 8 3 1 4
7 9 3 2 4 11 1 6 10 8 5
6 7 3 1 9 5 10 2 11 8 4
3 10 7 6 4 5 11 8 9 1 2
11 10 5 4 7 6 8 9 3 1 2
2 9 3 8 1 5 7 11 4 6 10
1 9 5 7 3 2 4 6 10 11 8
5 1 11 4 6 8 3 9 10 2 7
6 9 8 7 3 11 5 1 2 10 4
6 8 5 11 4 9 1 7 10 3 2
3 5 7 2 10 9 4 6 1 11 8
1 10 9 8 4 6 3 7 2 5 11
9 4 3 6 7 2 11 1 5 10 8
3 5 4 10 6 2 7 8 9 11 1
8 11 2 6 1 10 5 7 3 9 4
8 1 3 10 11 2 4 5 6 9 7
10 4 7 3 6 11 5 1 2 8 9
9 2 5 8 7 4 11 3 1 6 10
10 5 3 1 2 4 11 8 7 9 6
6 2 11 5 7 8 9 1 10 3 4
10 6 2 5 11 8 7 4 1 9 3
2 6 4 9 1 3 10 7 8 5 11
1 6 8 11 9 3 4 2 7 10 5
11 2 6 4 9 5 8 7 3 10 1
10 1 3 6 5 2 8 11 9 4 7
6 9 2 4 1 10 5 8 7 3 11
10 6 7 5 8 9 4 3 2 1 11
3 10 4 8 7 6 11 1 9 2 5
7 2 11 6 9 8 10 1 4 5 3
10 2 1 7 5 8 6 11 4 3 9
6 2 11 9 7 1 5 10 8 3 4
2 4 11 10 7 8 3 1 6 9 5

13
Candidate 1
Candidate 2
Candidate 3
Candidate 4
Candidate 5
Candidate 6
Candidate 7
Candidate 8
Candidate 9
Candidate 10
Candidate 11
Candidate 12
Candidate 13
5 2 1 7 4 6 11 8 13 12 9 3 10
7 1 6 2 13 8 9 12 10 5 4 11 3
6 10 9 11 8 3 7 5 2 4 1 13 12
8 4 7 3 6 5 1 2 13 11 9 10 12
8 6 12 10 5 7 13 11 9 2 1 4 3
10 6 2 8 1 11 4 12 7 9 13 3 5
6 9 10 2 12 4 7 8 13 5 3 11 1
12 9 11 13 4 3 2 7 1 5 10 8 6
13 2 4 6 12 11 10 5 7 3 8 9 1
12 10 7 11 9 3 6 2 8 5 13 1 4
11 1 8 2 5 9 6 13 12 3 4 7 10
1 5 8 2 3 6 7 11 9 12 4 10 13
13 11 3 6 9 2 7 1 12 4 10 5 8
4 5 6 1 13 10 3 11 8 7 9 12 2
5 6 3 10 11 9 8 7 2 13 1 12 4
10 9 5 1 3 4 2 12 6 11 8 7 13
13 6 11 4 7 9 3 2 8 10 12 1 5
6 8 5 10 3 12 13 2 11 4 9 7 1
4 7 12 5 13 2 9 1 6 3 10 11 8
2 4 1 12 6 9 8 11 10 5 3 7 13
5 8 4 13 1 12 11 3 10 2 9 6 7
5 3 2 12 11 1 6 13 10 7 4 9 8
8 6 4 9 10 12 7 2 13 11 3 5 1
13 3 4 8 11 1 9 2 10 5 7 6 12
9 1 5 2 13 10 3 7 4 6 8 12 11
5 7 9 6 3 12 8 13 11 10 4 1 2
5 10 13 6 8 9 3 1 12 11 7 4 2
4 3 7 9 6 12 2 8 1 11 5 10 13
5 7 3 1 12 13 10 4 2 9 11 8 6
9 10 13 4 8 12 1 6 7 3 5 2 11
2 9 7 3 5 12 4 6 1 10 8 11 13
11 13 7 6 5 2 12 4 10 3 1 8 9
3 9 13 10 11 12 4 7 2 8 6 5 1
2 10 7 12 4 8 11 6 9 3 13 1 5
5 13 4 10 3 9 2 6 12 8 7 1 11

9
Candidate 1
Candidate 2
Candidate 3
Candidate 4
Candidate 5
Candidate 6
Candidate 7
Candidate 8
Candidate 9
9 4 1 5 2 6 8 3 7
6 2 8 1 3 5 4 7 9
7 3 1 4 8 2 9 6 5
1 4 9 8 5 2 7 3 6
5 7 4 9 2 8 1 6 3
3 6 7 9 4 2 1 8 5
9 4 8 1 2 7 5 3 6
8 4 2 1 5 3 9 6 7
7 3 8 2 6 4 9 1 5
2 4 1 8 6 3 7 9 5
3 5 1 7 2 9 4 6 8
7 8 3 9 6 5 2 4 1
4 5 1 2 9 6 8 3 7
5 4 8 7 1 3 2 9 6
7 8 1 4 5 6 9 3 2
2 8 1 9 4 7 6 3 5
3 7 6 8 2 5 9 4 1
4 6 9 2 5 8 1 7 3
5 3 8 4 7 1 2 9 6
9 4 8 3 7 5 6 1 2
6 1 3 2 9 4 8 7 5
9 3 6 7 2 8 5 4 1
5 4 1 6 8 3 2 7 9
8 6 2 7 9 3 1 4 5
3 5 9 7 1 4 6 8 2
8 7 3 5 2 4 6 1 9
3 9 4 7 1 6 2 5 8
3 1 7 4 9 8 5 2 6
3 7 9 2 4 1 6 8 5
6 7 4 5 1 9 8 2 3
3 8 4 2 9 5 7 6 1
8 7 3 4 1 2 5 9 6
6 5 4 1 2 8 3 9 7
4 2 6 9 8 5 1 7 3
5 7 3 4 9 1 6 2 8
3 9 8 5 1 2 4 6 7
8 6 9 2 5 4 3 7 1
5 1 3 9 7 2 6 8 4
4 1 7 2 9 3 6 5 8
3 4 2 1 8 7 9 5 6
4 7 2 6 8 5 9 3 1
2 7 1 5 8 6 4 3 9
1 7 3 9 8 6 4 5 2
7 9 1 3 5 2 4 8 6
4 9 2 3 7 5 1 8 6
9 1 7 6 5 3 8 4 2

5
Candidate 1
Candidate 2
Candidate 3
Candidate 4
Candidate 5
3 2 4 5 1
5 1 2 4 3
2 4 1 3 5
1 4 3 2 5
1 4 2 3 5
2 1 3 4 5
4 3 5 1 2
3 2 4 5 1
4 1 3 2 5
1 3 5 4 2
2 5 1 4 3
4 2 5 1 3
3 1 4 2 5
2 5 1 3 4
2 4 5 3 1
1 2 3 4 5
1 2 3 5 4
1 4 2 5 3
4 2 5 1 3
3 2 4 5 1
2 1 3 4 5
5 2 1 3 4
1 4 5 3 2
2 5 4 3 1
2 1 5 4 3
1 3 2 5 4
4 2 1 5 3
4 3 5 1 2
5 2 4 3 1
3 1 2 4 5
1 4 5 3 2
5 3 2 1 4
4 1 2 3 5
5 3 4 1 2
5 2 4 1 3
4 5 2 3 1
4 1 2 5 3
2 5 4 1 3
4 3 2 1 5
1 3 2 4 5
2 1 3 5 4
4 5 2 3 1
1 4 3 2 5
2 5 1 4 3
1 4 3 5 2
4 5 1 2 3
1 5 4 3 2
2 3 5 4 1
3 4 5 1 2
3 5 4 2 1
5 2 3 4 1
3 1 5 4 2
3 1 5 2 4
1 3 4 2 5
2 5 1 3 4
1 2 5 4 3
2 1 3 4 5
4 5 2 3 1
5 3 1 4 2
3 2 4 1 5
4 1 3 5 2
3 1 4 5 2
2 5 4 1 3
5 4 1 2 3
1 2 3 5 4
4 1 2 3 5
5 3 1 2 4
1 2 4 5 3
2 3 5 1 4
4 5 3 1 2
2 4 3 1 5

19
Candidate 1
Candidate 2
Candidate 3
Candidate 4
Candidate 5
Candidate 6
Candidate 7
Candidate 8
Candidate 9
Candidate 10
Candidate 11
Candidate 12
Candidate 13
Candidate 14
Candidate 15
Candidate 16
Candidate 17
Candidate 18
Candidate 19
1 7 16 13 17 2 12 11 19 10 15 9 6 18 5 8 14 3 4
3 5 1 9 7 2 11 18 19 16 12 4 13 10 15 17 14 6 8
8 11 4 10 9 17 2 7 5 12 18 13 16 3 1 19 6 14 15
18 10 16 9 19 12 3 1 7 4 6 17 15 2 5 8 11 13 14
12 4 10 14 1 8 2 18 3 17 5 6 13 11 9 19 7 16 15
18 7 5 3 6 12 14 16 15 9 1 17 19 8 4 13 10 2 11
16 3 9 19 2 14 4 18 6 1 13 15 17 11 12 5 8 10 7
2 15 11 12 1 16 18 17 6 14 7 3 4 13 10 5 9 19 8
14 5 1 16 3 19 4 9 12 8 15 17 10 6 13 11 18 2 7
15 11 18 7 13 1 17 12 3 8 4 16 6 2 9 14 10 19 5
11 6 1 10 15 5 13 17 7 3 4 12 2 14 8 16 9 18 19
10 15 2 1 12 9 16 8 13 18 19 3 6 5 11 17 7 14 4
9 12 13 2 1 19 16 18 11 15 14 5 6 4 8 7 17 3 10
10 12 7 18 2 4 3 5 8 11 6 13 14 19 17 1 9 15 16
9 1 7 2 11 16 12 15 14 17 18 19 5 8 13 3 6 4 10
11 17 15 16 18 10 5 9 1 3 6 12 13 8 7 14 19 2 4
13 3 4 1 10 11 16 6 15 5 19 17 14 18 2 8 12 7 9
10 14 3 1 7 4 15 5 11 19 6 2 18 17 16 13 8 12 9
5 15 8 3 10 7 16 4 1 12 2 11 19 9 18 14 17 6 13
11 3 15 8 10 12 13 4 16 18 7 9 2 5 6 17 14 1 19
13 1 2 8 12 7 19 16 5 6 4 9 14 3 17 11 15 10 18
6 4 2 12 15 1 16 7 3 18 5 19 14 9 10 13 11 8 17
13 12 3 14 10 2 1 11 18 17 15 7 9 8 6 19 4 5 16
6 4 12 1 10 2 8 18 7 13 9 19 11 3 14 16 15 5 17
11 9 19 7 10 6 5 12 1 2 18 15 13 16 8 17 3 4 14
7 15 19 1 9 18 10 5 17 4 14 11 6 13 12 3 16 2 8
19 18 9 13 5 11 2 1 15 12 6 16 8 10 4 14 17 7 3
1 7 18 15 19 2 5 10 8 3 12 11 6 4 13 17 9 14 16
5 9 17 18 14 7 10 6 15 16 8 11 2 4 3 13 1 19 12
6 10 8 5 16 12 15 2 7 4 11 13 1 9 3 17 14 18 19
4 17 18 16 12 13 3 7 11 2 15 1 19 6 14 9 5 8 10
11 15 4 16 1 7 8 9 2 18 6 5 14 19 12 3 13 10 17
17 8 2 9 18 6 19 14 3 11 12 13 10 16 4 15 7 5 1
17 3 8 1 2 6 14 12 4 7 11 19 15 16 9 13 18 10 5
6 1 10 8 5 18 13 14 11 2 7 4 3 12 16 9 19 17 15
12 5 8 9 16 2 10 3 11 7 15 14 18 17 6 13 19 4 1
7 5 4 10 9 16 6 14 3 18 11 2 17 13 1 12 19 15 8
10 17 16 6 8 15 11 9 14 7 3 1 2 19 13 4 5 18 12
2 14 11 16 3 9 18 8 1 15 19 13 5 10 6 4 17 12 7
15 1 2 7 8 13 11 18 3 9 17 19 14 12 4 10 5 16 6
16 14 10 2 9 18 13 5 8 6 12 19 7 1 3 15 11 4 17
4 18 2 16 5 12 8 6 17 7 1 10 9 15 13 14 11 3 19
17 12 11 3 9 1 2 5 7 15 10 8 4 6 16 14 18 19 13
5 9 18 15 6 10 13 12 11 14 1 3 7 19 17 16 2 8 4
11 1 3 16 18 9 17 2 12 15 4 10 13 19 6 5 14 7 8
7 17 5 3 12 6 18 19 11 16 2 1 9 15 13 4 10 14 8
15 1 6 14 13 16 19 12 2 5 4 10 9 18 17 7 8 3 11
16 4 15 5 3 9 2 8 12 11 13 10 18 19 1 14 17 7 6
5 11 14 17 6 10 9 4 12 7 15 1 16 18 19 13 2 8 3
7 12 2 19 3 13 14 4 5 11 9 8 16 10 18 15 6 17 1
7 16 2 6 8 11 3 13 17 9 1 19 12 14 15 4 5 10 18
7 2 12 17 6 10 15 9 3 5 13 16 19 4 14 18 8 1 11
12 10 8 19 14 15 11 17 3 2 6 1 18 5 7 4 9 13 16
2 18 9 10 13 6 11 19 8 12 16 7 5 1 15 17 3 4 14
11 2 9 1 15 14 3 16 6 4 17 18 10 13 19 5 7 12 8
2 1 18 3 11 14 4 19 12 7 6 17 13 8 9 5 16 15 10
7 9 3 10 16 4 1 13 11 15 2 8 19 18 12 6 14 5 17
13 8 5 10 14 19 3 6 11 15 2 18 1 7 16 4 17 12 9
9 16 2 5 18 7 19 17 15 14 13 10 3 1 8 11 12 6 4
8 15 2 16 7 4 12 3 14 10 5 1 19 11 9 13 18 17 6
10 19 1 17 2 18 4 9 12 15 6 3 11 13 5 8 16 14 7
15 7 14 11 5 13 19 3 16 18 6 4 12 9 17 8 2 1 10
17 8 11 6 3 10 4 1 18 5 12 19 7 2 13 16 15 9 14
15 9 19 18 13 16 6 2 4 1 7 10 17 14 3 12 8 5 11
7 9 19 17 5 1 13 11 4 15 2 10 14 8 16 6 3 18 12
5 11 4 2 19 18 14 6 16 13 10 1 17 12 7 3 9 15 8
17 2 9 5 3 4 6 18 10 15 14 12 13 8 11 19 16 7 1
2 7 16 9 13 6 10 4 19 12 18 15 17 1 5 8 3 14 11
16 1 19 8 4 10 9 11 12 17 15 6 5 14 2 18 7 13 3
10 18 9 13 12 6 11 7 14 19 1 8 2 4 16 15 5 17 3
3 12 8 13 16 5 15 7 14 6 1 9 19 2 10 17 4 18 11
12 10 14 15 13 1 4 6 2 5 18 9 17 3 11 8 7 16 19
10 2 6 19 13 9 7 18 11 3 14 17 15 12 5 4 1 8 16
12 6 18 3 5 7 16 19 10 14 13 17 4 8 9 11 15 2 1
11 17 6 14 12 19 7 3 4 18 1 10 8 15 13 5 16 2 9
1 9 18 14 15 8 13 5 12 17 10 16 19 3 4 2 11 6 7
2 10 15 3 13 16 7 4 19 18 17 1 6 8 11 12 5 9 14
3 1 6 4 8 5 19 18 15 11 10 2 16 14 17 7 12 13 9
10 2 18 14 8 4 1 5 6 17 11 3 9 15 13 19 12 7 16
9 6 18 3 10 5 15 16 14 11 4 1 12 19 2 17 13 8 7
10 11 2 15 13 4 16 12 6 17 14 3 8 5 1 7 19 9 18
1 11 7 9 2 13 3 12 17 18 16 6 19 5 14 15 10 8 4
16 19 9 17 4 3 7 11 13 8 2 1 10 15 18 14 12 5 6
8 2 11 5 12 18 9 17 19 10 3 14 4 13 1 16 15 6 7
19 10 17 11 8 2 1 4 7 6 12 13 15 14 3 18 5 16 9

4
Candidate 1
Candidate 2
Candidate 3
Candidate 4
3 4 2 1
4 2 1 3
3 1 2 4
4 3 1 2
4 3 1 2
1 2 3 4
3 1 4 2
4 2 1 3
2 1 3 4
3 2 1 4
2 4 1 3
2 1 4 3

2
Candidate 1
Candidate 2
2 1
2 1
1 2
1 2
2 1
2 1
1 2
1 2
2 1
2 1
2 1
1 2
2 1
1 2
2 1
1 2
1 2
2 1
1 2
1 2
2 1
2 1
1 2
1 2
2 1
2 1
2 1
1 2
2 1
2 1
2 1
1 2
2 1
2 1
2 1
1 2
2 1
2 1
1 2
2 1
1 2
1 2
2 1
1 2
1 2
2 1
2 1
2 1
1 2
1 2
2 1
1 2
1 2
1 2
2 1
1 2
2 1
2 1
1 2
1 2
1 2
2 1
2 1
1 2
1 2
2 1
1 2
2 1
1 2
2 1
2 1
2 1
2 1
1 2
2 1
1 2
1 2
2 1
2 1
1 2
1 2
2 1
1 2
2 1

16
Candidate 1
Candidate 2
Candidate 3
Candidate 4
Candidate 5
Candidate 6
Candidate 7
Candidate 8
Candidate 9
Candidate 10
Candidate 11
Candidate 12
Candidate 13
Candidate 14
Candidate 15
Candidate 16
7 14 4 9 5 8 10 12 11 3 1 2 16 15 13 6
3 10 5 8 6 13 14 12 2 9 11 1 4 7 16 15

7
Candidate 1
Candidate 2
Candidate 3
Candidate 4
Candidate 5
Candidate 6
Candidate 7
1 6 4 5 3 7 2
4 5 1 3 7 6 2
7 5 6 2 4 1 3
6 1 4 5 3 7 2
4 3 2 1 6 5 7
6 2 1 5 7 3 4

6
Candidate 1
Candidate 2
Candidate 3
Candidate 4
Candidate 5
Candidate 6
1 4 6 2 3 5
2 3 5 6 1 4
5 2 1 6 4 3
2 4 3 5 6 1
6 1 2 5 4 3
6 1 3 4 5 2
5 3 1 4 2 6
2 1 3 6 5 4
2 1 4 6 5 3
4 2 1 3 6 5
2 1 3 4 6 5
4 6 3 1 5 2
2 1 5 6 4 3
1 6 4 2 5 3
6 3 4 5 1 2
1 3 6 5 2 4
1 4 2 6 5 3
1 2 3 4 5 6
6 5 2 1 3 4
4 1 3 5 2 6
1 5 6 2 4 3
5 2 4 1 6 3
5 2 3 4 1 6
2 3 1 4 6 5
3 2 4 6 5 1
5 4 3 2 1 6
1 5 3 4 6 2
1 5 6 4 3 2
3 2 6 4 5 1
3 1 2 6 4 5
3 4 5 6 1 2
5 6 1 4 3 2
5 6 1 2 3 4
2 3 4 5 6 1
4 6 2 3 1 5
2 4 3 5 1 6
2 5 1 6 4 3
5 6 3 2 4 1
4 6 2 1 3 5
5 4 1 6 3 2
6 1 2 5 4 3
5 2 6 1 3 4
1 6 2 4 5 3
1 3 5 2 6 4
3 2 6 5 4 1
1 5 2 6 4 3
4 5 6 2 3 1
5 1 6 3 4 2
2 5 1 3 4 6
3 4 6 2 5 1
5 2 4 6 3 1
6 4 1 3 5 2
1 3 6 4 2 5
5 6 3 4 1 2
5 3 2 1 4 6
3 1 5 4 2 6
6 2 1 4 5 3
2 4 1 3 5 6
3 2 5 6 4 1
6 1 2 5 4 3
5 6 2 4 1 3
5 2 6 1 3 4
5 4 1 3 2 6
4 2 6 5 3 1
3 4 1 5 6 2
3 1 6 5 4 2
1 5 4 6 2 3
4 6 1 3 5 2

4
Candidate 1
Candidate 2
Candidate 3
Candidate 4
1 3 2 4
4 3 1 2
3 4 2 1
4 2 3 1
3 1 2 4
1 3 2 4
1 4 3 2
3 1 2 4
4 3 2 1
3 1 2 4
3 2 1 4
4 2 1 3
1 4 2 3
2 3 1 4
2 4 1 3