11

3
John Doe
Jane Smith
Sirhan Sirhan
1 2 3
2 1 3
2 3 1
1 2 3
3 1 2

4
Lee Harvey Oswald
John Wilkes Booth
Gavrilo Princip
James Earl Ray
1 2 3 4
2 1 3 4
2 3 1 4
1 2 3 4
2 1 3 4
2 3 1 4
1 2 3 4
3 1 2 4
1 2 3 4
3 1 2 4
1 2 3 4
2 1 3 4
2 3 1 4
1 2 3 4
3 1 2 4
1 2 3 4
2 1 3 4
2 3 1 4
1 2 3 4
2 1 3 4
2 3 1 4
1 2 3 4
3 1 2 4
1 2 3 4
3 1 2 4
1 2 3 4
2 1 3 4
2 3 1 4
1 2 3 4
3 1 2 4

4
Lee Harvey Oswald
John Wilkes Booth
Gavrilo Princip
James Earl Ray
2 3 4 1
4 3 2 1
4 3 2 1
2 4 3 1
4 2 3 1
2 3 4 1
4 3 2 1
4 3 2 1
2 4 3 1
4 2 3 1
4 1 3 2
4 1 3 2
2 3 4 1
4 3 2 1
4 3 2 1
2 4 3 1
4 2 3 1
4 1 3 2
2 3 4 1
4 3 2 1
4 3 2 1
2 4 3 1
4 2 3 1
2 3 4 1
4 3 2 1
4 3 2 1
2 4 3 1
4 2 3 1
4 1 3 2
4 1 3 2
2 3 4 1
4 3 2 1
4 3 2 1
2 4 3 1
4 2 3 1
4 1 3 2

4
Lee Harvey Oswald
John Wilkes Booth
Gavrilo Princip
James Earl Ray
3 3 4 2
4 3 2 1
3 4 2 1
3 4 2 1
4 2 3 1
4 1 3 2
3 3 4 2
4 3 2 1
3 4 2 1
3 4 2 1
4 2 3 1
4 1 3 2
3 3 4 2
4 3 2 1
3 4 2 1
3 4 2 1
4 2 3 1
4 1 3 2
3 3 4 2
4 3 2 1
3 4 2 1
3 4 2 1
4 2 3 1
4 1 3 2
3 3 4 2
4 3 2 1
3 4 2 1
3 4 2 1
4 2 3 1
4 1 3 2
3 3 4 2
4 3 2 1
3 4 2 1
3 4 2 1
4 2 3 1
4 1 3 2

4
Lee Harvey Oswald
John Wilkes Booth
Gavrilo Princip
James Earl Ray
1 2 3 4
2 3 4 1
3 4 1 2
4 1 2 3
1 2 3 4
2 3 4 1
3 4 1 2
4 1 2 3
1 2 3 4
2 3 4 1
3 4 1 2
4 1 2 3
1 2 3 4
2 3 4 1
3 4 1 2
4 1 2 3
1 2 3 4
2 3 4 1
3 4 1 2
4 1 2 3
1 2 3 4
2 3 4 1
3 4 1 2
4 1 2 3

4
Lee Harvey Oswald
John Wilkes Booth
Gavrilo Princip
James Earl Ray
1 2 3 4
2 3 4 1
3 4 1 2
4 1 2 3
3 4 1 2
1 2 3 4
2 3 4 1
3 4 1 2
4 1 2 3
3 4 1 2
1 2 3 4
2 3 4 1
3 4 1 2
4 1 2 3
3 4 1 2
1 2 3 4
2 3 4 1
3 4 1 2
4 1 2 3
3 4 1 2
1 2 3 4
2 3 4 1
3 4 1 2
4 1 2 3
3 4 1 2
1 2 3 4
2 3 4 1
3 4 1 2
4 1 2 3
3 4 1 2

20
Lee Harvey Oswald
John Wilkes Booth
Gavrilo Princip
James Earl Ray
Hegel
Rafael
Donatello
Michaelangelo
Leonardo
Bingus
Mingus
Oingo
Boingo
Jonathan
Joseph
Jotaro
Josuke
Jolene
Dio
DIO
3 1 20 5 6 2 7 8 9 12 13 10 11 14 15 16 17 18 19 4
3 1 20 5 6 2 7 8 9 12 10 11 13 14 15 16 17 18 4 19
3 1 20 5 7 2 8 9 6 14 10 11 12 13 15 16 17 18 19 4
3 1 20 6 7 2 8 9 4 14 10 11 13 15 17 12 16 18 19 5
2 3 20 5 6 7 8 9 4 14 10 11 13 15 17 16 12 18 19 7
6 4 20 8 1 2 3 9 5 12 14 10 16 13 17 11 15 18 19 7
6 4 20 8 1 2 3 9 5 11 14 10 16 12 17 13 15 18 19 7
6 4 20 7 1 2 3 8 9 11 14 10 16 12 17 13 15 18 19 5
6 7 20 1 2 3 4 8 9 10 11 14 15 16 12 17 13 18 19 5
6 7 20 1 2 3 4 8 9 14 15 16 10 11 12 17 13 18 19 5
8 9 20 3 6 7 1 4 5 14 15 16 10 11 12 17 13 18 19 2
8 9 20 3 6 7 1 4 5 14 15 16 10 11 12 17 13 18 19 2
6 7 20 8 9 2 3 4 5 10 11 12 13 14 15 16 17 18 19 1
6 7 20 8 9 2 3 4 5 10 11 12 13 14 15 16 17 18 19 1
2 3 20 5 6 7 8 9 10 11 12 13 14 15 16 17 18 19 4 1
2 3 20 5 6 7 8 9 10 11 12 13 14 15 16 17 18 19 4 1
3 1 20 5 6 2 7 8 9 10 12 13 11 14 15 16 17 18 19 4
3 1 20 5 6 2 7 8 9 11 12 10 13 14 15 16 17 18 4 19
3 1 20 5 7 2 8 9 6 11 14 10 12 13 15 16 17 18 19 4
3 1 20 6 7 2 8 9 4 11 14 10 13 15 17 12 16 18 19 5
2 3 20 5 6 7 8 9 4 11 14 10 13 15 17 12 16 18 19 7
6 4 20 8 1 2 3 9 5 10 12 14 16 13 17 15 11 18 19 7
6 4 20 8 1 2 3 9 5 10 11 14 16 12 17 15 13 18 19 7
6 4 20 7 1 2 3 8 9 10 11 14 16 12 17 15 13 18 19 5
6 7 20 1 2 3 4 8 9 10 11 14 15 16 12 13 17 18 19 5
6 7 20 1 2 3 4 8 9 14 15 16 10 11 12 13 17 18 19 5
8 9 20 3 6 7 1 4 5 14 15 16 10 11 12 13 17 18 19 2
8 9 20 3 6 7 1 4 5 14 15 16 10 11 12 13 17 18 19 2
6 7 20 8 9 2 3 4 5 10 11 12 13 14 15 16 17 18 19 1
6 7 20 8 9 2 3 4 5 10 11 12 13 14 15 16 17 18 19 1
2 3 20 5 6 7 8 9 10 11 12 13 14 15 16 17 18 19 4 1
2 3 20 5 6 7 8 9 10 11 12 13 14 15 16 17 18 19 4 1
3 1 20 5 6 2 7 8 9 12 13 10 11 14 15 16 17 18 19 4
3 1 20 5 6 2 7 8 9 12 10 11 13 14 15 16 17 18 4 19
3 1 20 5 7 2 8 9 6 14 10 11 12 13 15 16 17 18 19 4
3 1 20 6 7 2 8 9 4 14 10 11 13 15 17 12 16 18 19 5
2 3 20 5 6 7 8 9 4 14 10 11 13 15 17 16 12 18 19 7
6 4 20 8 1 2 3 9 5 12 14 10 16 13 17 11 15 18 19 7
6 4 20 8 1 2 3 9 5 11 14 10 16 12 17 13 15 18 19 7
6 4 20 7 1 2 3 8 9 11 14 10 16 12 17 13 15 18 19 5
6 7 20 1 2 3 4 8 9 10 11 14 15 16 12 17 13 18 19 5
6 7 20 1 2 3 4 8 9 14 15 16 10 11 12 17 13 18 19 5
8 9 20 3 6 7 1 4 5 14 15 16 10 11 12 17 13 18 19 2
8 9 20 3 6 7 1 4 5 14 15 16 10 11 12 17 13 18 19 2
6 7 20 8 9 2 3 4 5 10 11 12 13 14 15 16 17 18 19 1
6 7 20 8 9 2 3 4 5 10 11 12 13 14 15 16 17 18 19 1
2 3 20 5 6 7 8 9 10 11 12 13 14 15 16 17 18 19 4 1
2 3 20 5 6 7 8 9 10 11 12 13 14 15 16 17 18 19 4 1
3 1 20 5 6 2 7 8 9 10 12 13 11 14 15 16 17 18 19 4
3 1 20 5 6 2 7 8 9 11 12 10 13 14 15 16 17 18 4 19
3 1 20 5 7 2 8 9 6 11 14 10 12 13 15 16 17 18 19 4
3 1 20 6 7 2 8 9 4 11 14 10 13 15 17 12 16 18 19 5
2 3 20 5 6 7 8 9 4 11 14 10 13 15 17 12 16 18 19 7
6 4 20 8 1 2 3 9 5 10 12 14 16 13 17 15 11 18 19 7
6 4 20 8 1 2 3 9 5 10 11 14 16 12 17 15 13 18 19 7
6 4 20 7 1 2 3 8 9 10 11 14 16 12 17 15 13 18 19 5
6 7 20 1 2 3 4 8 9 10 11 14 15 16 12 13 17 18 19 5
6 7 20 1 2 3 4 8 9 14 15 16 10 11 12 13 17 18 19 5
8 9 20 3 6 7 1 4 5 14 15 16 10 11 12 13 17 18 19 2
8 9 20 3 6 7 1 4 5 14 15 16 10 11 12 13 17 18 19 2
6 7 20 8 9 2 3 4 5 10 11 12 13 14 15 16 17 18 19 1
6 7 20 8 9 2 3 4 5 10 11 12 13 14 15 16 17 18 19 1
2 3 20 5 6 7 8 9 10 11 12 13 14 15 16 17 18 19 4 1
2 3 20 5 6 7 8 9 10 11 12 13 14 15 16 17 18 19 4 1

2
Bob
Joe
1 2
1 2
1 2
1 2
1 2
1 2
1 2
1 2

2
Bob
Joe
2 1
2 1
1 2
1 2
2 1
1 2
2 1
1 2
2 1
2 1

20
Lee Harvey Oswald
John Wilkes Booth
Gavrilo Princip
James Earl Ray
Hegel
Rafael
Donatello
Michaelangelo
Leonardo
Bingus
Mingus
Oingo
Boingo
Jonathan
Joseph
Jotaro
Josuke
Jolene
Dio
DIO
20 1 2 3 4 5 6 7 8 9 10 11 12 13 14 15 16 17 18 19
19 20 1 2 3 4 5 6 7 8 9 10 11 12 13 14 15 16 17 18
18 19 20 1 2 3 4 5 6 7 8 9 10 11 12 13 14 15 16 17
17 18 19 20 1 2 3 4 5 6 7 8 9 10 11 12 13 14 15 16
16 17 18 19 20 1 2 3 4 5 6 7 8 9 10 11 12 13 14 15
15 16 17 18 19 20 1 2 3 4 5 6 7 8 9 10 11 12 13 14
14 15 16 17 18 19 20 1 2 3 4 5 6 7 8 9 10 11 12 13
13 14 15 16 17 18 19 20 1 2 3 4 5 6 7 8 9 10 11 12
12 13 14 15 16 17 18 19 20 1 2 3 4 5 6 7 8 9 10 11
11 12 13 14 15 16 17 18 19 20 1 2 3 4 5 6 7 8 9 10
10 11 12 13 14 15 16 17 18 19 20 1 2 3 4 5 6 7 8 9
9 10 11 12 13 14 15 16 17 18 19 20 1 2 3 4 5 6 7 8
8 9 10 11 12 13 14 15 16 17 18 19 20 1 2 3 4 5 6 7
7 8 9 10 11 12 13 14 15 16 17 18 19 20 1 2 3 4 5 6
6 7 8 9 10 11 12 13 14 15 16 17 18 19 20 1 2 3 4 5
5 6 7 8 9 10 11 12 13 14 15 16 17 18 19 20 1 2 3 4
4 5 6 7 8 9 10 11 12 13 14 15 16 17 18 19 20 1 2 3
3 4 5 6 7 8 9 10 11 12 13 14 15 16 17 18 19 20 1 2
2 3 4 5 6 7 8 9 10 11 12 13 14 15 16 17 18 19 20 1
1 2 3 4 5 6 7 8 9 10 11 12 13 14 15 16 17 18 19 20
20 1 2 3 4 5 6 7 8 9 10 11 12 13 14 15 16 17 18 19
19 20 1 2 3 4 5 6 7 8 9 10 11 12 13 14 15 16 17 18
18 19 20 1 2 3 4 5 6 7 8 9 10 11 12 13 14 15 16 17
17 18 19 20 1 2 3 4 5 6 7 8 9 10 11 12 13 14 15 16
16 17 18 19 20 1 2 3 4 5 6 7 8 9 10 11 12 13 14 15
15 16 17 18 19 20 1 2 3 4 5 6 7 8 9 10 11 12 13 14
14 15 16 17 18 19 20 1 2 3 4 5 6 7 8 9 10 11 12 13
13 14 15 16 17 18 19 20 1 2 3 4 5 6 7 8 9 10 11 12
12 13 14 15 16 17 18 19 20 1 2 3 4 5 6 7 8 9 10 11
11 12 13 14 15 16 17 18 19 20 1 2 3 4 5 6 7 8 9 10
10 11 12 13 14 15 16 17 18 19 20 1 2 3 4 5 6 7 8 9
9 10 11 12 13 14 15 16 17 18 19 20 1 2 3 4 5 6 7 8
8 9 10 11 12 13 14 15 16 17 18 19 20 1 2 3 4 5 6 7
7 8 9 10 11 12 13 14 15 16 17 18 19 20 1 2 3 4 5 6
6 7 8 9 10 11 12 13 14 15 16 17 18 19 20 1 2 3 4 5
5 6 7 8 9 10 11 12 13 14 15 16 17 18 19 20 1 2 3 4
4 5 6 7 8 9 10 11 12 13 14 15 16 17 18 19 20 1 2 3
3 4 5 6 7 8 9 10 11 12 13 14 15 16 17 18 19 20 1 2
2 3 4 5 6 7 8 9 10 11 12 13 14 15 16 17 18 19 20 1
1 2 3 4 5 6 7 8 9 10 11 12 13 14 15 16 17 18 19 20
20 1 2 3 4 5 6 7 8 9 10 11 12 13 14 15 16 17 18 19
19 20 1 2 3 4 5 6 7 8 9 10 11 12 13 14 15 16 17 18
18 19 20 1 2 3 4 5 6 7 8 9 10 11 12 13 14 15 16 17
17 18 19 20 1 2 3 4 5 6 7 8 9 10 11 12 13 14 15 16
16 17 18 19 20 1 2 3 4 5 6 7 8 9 10 11 12 13 14 15
15 16 17 18 19 20 1 2 3 4 5 6 7 8 9 10 11 12 13 14
14 15 16 17 18 19 20 1 2 3 4 5 6 7 8 9 10 11 12 13
13 14 15 16 17 18 19 20 1 2 3 4 5 6 7 8 9 10 11 12
12 13 14 15 16 17 18 19 20 1 2 3 4 5 6 7 8 9 10 11
11 12 13 14 15 16 17 18 19 20 1 2 3 4 5 6 7 8 9 10
10 11 12 13 14 15 16 17 18 19 20 1 2 3 4 5 6 7 8 9
9 10 11 12 13 14 15 16 17 18 19 20 1 2 3 4 5 6 7 8
8 9 10 11 12 13 14 15 16 17 18 19 20 1 2 3 4 5 6 7
7 8 9 10 11 12 13 14 15 16 17 18 19 20 1 2 3 4 5 6
6 7 8 9 10 11 12 13 14 15 16 17 18 19 20 1 2 3 4 5
5 6 7 8 9 10 11 12 13 14 15 16 17 18 19 20 1 2 3 4
4 5 6 7 8 9 10 11 12 13 14 15 16 17 18 19 20 1 2 3
3 4 5 6 7 8 9 10 11 12 13 14 15 16 17 18 19 20 1 2
2 3 4 5 6 7 8 9 10 11 12 13 14 15 16 17 18 19 20 1
1 2 3 4 5 6 7 8 9 10 11 12 13 14 15 16 17 18 19 20

1
Vlad, Universal Global Eternity Madhouse Heavyweight Champion of the Galaxy, IV
1
1
1
1
1
1
1
1
1
1
1
1
1
1
1
1
1
1
1
1
1
1
1
1
1
1
1
1
1
1
1
1
1
1
1
1
1
1
1
1
1
1
1
1
1
1
1
1
1
1
1
1
1
1
1
1
1
1
1
1
1
1
1
1
1
1
1
1
1
1
1
1
1
1
1
1
1
1
1
1
1
1
1
1
1
1
1
1
1
1
1
1
1
1
1
1
1
1
1
1
1
1
1
1
1
1
1
1
1
1
1
1
1
1
1
1
1
1
1
1
1
1
1
1
1
1
1
1
1
1
1
1
1
1
1
1
1
1
1
1
1
1
1
1
1
1
1
1
1
1
1
1
1
1
1
1
1
1
1
1
1
1
1
1
1
1
1
1
1
1
1
1
1
1
1
1
1
1
1
1
1
1
1
1
1
1
1
1
1
1
1
1
1
1
1
1
1
1
1
1
1
1
1
1
1
1
1
1
1
1
1
1
1
1
1
1
1
1
1
1
1
1
1
1
1
1
1
1
1
1
1
1
1
1
1
1
1
1
1
1
1
1
1
1
1
1
1
1
1
1
1
1
1
1
1
1
1
1
1
1
1
1
1
1
1
1
1
1
1
1
1
1
1
1
1
1
1
1
1
1
1
1
1
1
1
1
1
1
1
1
1
1
1
1
1
1
1
1
1
1